 WL          Excit           loggf   ele      num    Ion lt
-------     ---------       ------- ---      ---    ------
5688.22     2.100     -0.545863   Na I    11.0    121.400000
6154.23     2.100     -1.532784   Na I    11.0     36.600000
6160.75     2.100     -1.240982   Na I    11.0     54.300000
4730.04     4.350     -2.252602   Mg I    12.0     69.600000
5711.09     4.350     -1.735716   Mg I    12.0    105.600000
6319.24     5.110     -2.342868   Mg I    12.0     25.200000
6696.03     3.140     -1.561717   Al I    13.0     36.200000
6698.67     3.140     -1.891923   Al I    13.0     21.100000
5517.54     5.080     -2.497773   Si I    14.0     12.900000
5645.61     4.930     -2.056820   Si I    14.0     35.800000
5684.49     4.950     -1.597713   Si I    14.0     61.200000
5701.11     4.930     -2.019236   Si I    14.0     37.700000
5753.64     5.620     -1.296319   Si I    14.0     45.700000
5772.15     5.080     -1.637551   Si I    14.0     52.000000
5797.87     4.950     -1.892364   Si I    14.0     43.900000
5948.54     5.080     -1.115341   Si I    14.0     85.400000
6125.02     5.610     -1.539082   Si I    14.0     31.700000
6142.49     5.620     -1.500182   Si I    14.0     33.100000
6145.02     5.620     -1.400108   Si I    14.0     38.800000
6195.46     5.870     -1.665072   Si I    14.0     17.100000
6237.33     5.610     -1.053289   Si I    14.0     61.100000
6243.82     5.620     -1.289193   Si I    14.0     44.800000
6244.48     5.620     -1.275436   Si I    14.0     46.200000
6527.21     5.870     -1.190110   Si I    14.0     38.900000
6721.85     5.860     -1.113268   Si I    14.0     44.000000
6741.63     5.980     -1.614091   Si I    14.0     15.500000
5261.71     2.520     -0.549915   Ca I    20.0     97.700000
5349.47     2.710     -0.525170   Ca I    20.0     94.600000
5512.98     2.930     -0.503244   Ca I    20.0     84.800000
5867.56     2.930     -1.597399   Ca I    20.0     25.100000
6156.02     2.520     -2.515564   Ca I    20.0      9.600000
6161.29     2.520     -1.364400   Ca I    20.0     60.600000
6166.44     2.520     -1.215855   Ca I    20.0     69.900000
6169.04     2.520     -0.889106   Ca I    20.0     92.200000
6449.82     2.520     -0.626494   Ca I    20.0     98.100000
6455.60     2.520     -1.374575   Ca I    20.0     56.300000
6471.67     2.530     -0.734324   Ca I    20.0     91.200000
6499.65     2.520     -0.831385   Ca I    20.0     85.800000
4743.82     1.450      0.305000   Sc I    21.0      8.000000
5520.50     1.870      0.565000   Sc I    21.0      6.600000
5671.82     1.450      0.000000   Sc I    21.0     14.600000
5526.82     1.770      0.069005   Sc II   21.1     76.300000
5657.88     1.510     -0.398658   Sc II   21.1     66.900000
5667.14     1.500     -1.121717   Sc II   21.1     33.900000
5684.19     1.510     -1.039737   Sc II   21.1     37.200000
6245.62     1.510     -1.114509   Sc II   21.1     34.900000
6320.84     1.500     -1.957709   Sc II   21.1      8.100000
4555.49     0.850     -0.580967   Ti I    22.0     63.700000
4562.63     0.020     -2.713396   Ti I    22.0     10.900000
4645.19     1.730     -0.662058   Ti I    22.0     22.000000
4656.47     0.000     -1.319186   Ti I    22.0     68.600000
4675.11     1.070     -0.941164   Ti I    22.0     38.100000
4722.61     1.050     -1.433204   Ti I    22.0     18.700000
4820.41     1.500     -0.422454   Ti I    22.0     43.100000
4913.62     1.870      0.079786   Ti I    22.0     50.200000
4997.10     0.000     -2.164840   Ti I    22.0     31.600000
5016.17     0.850     -0.655028   Ti I    22.0     63.200000
5039.96     0.020     -1.200159   Ti I    22.0     75.300000
5737.07     1.060      0.000000   Ti I    22.0     10.400000
5064.06     2.690     -0.473393   Ti I    22.0      5.500000
5071.49     1.460     -0.791079   Ti I    22.0     28.800000
5113.44     1.440     -0.851034   Ti I    22.0     27.000000
5145.47     1.460     -0.613590   Ti I    22.0     37.000000
5219.70     0.020     -2.244890   Ti I    22.0     28.100000
5490.16     1.460     -1.003216   Ti I    22.0     21.400000
5503.90     2.580     -0.211189   Ti I    22.0     12.300000
5648.57     2.490     -0.407227   Ti I    22.0     10.100000
5662.16     2.320     -0.128055   Ti I    22.0     23.500000
5739.48     2.250     -0.776075   Ti I    22.0      7.700000
5766.33     3.290      0.335000   Ti I    22.0      9.600000
5965.84     1.880     -0.472993   Ti I    22.0     26.700000
5978.55     1.870     -0.585248   Ti I    22.0     22.600000
6064.63     1.050     -1.923774   Ti I    22.0      8.300000
6091.18     2.270     -0.437487   Ti I    22.0     15.000000
6126.22     1.070     -1.406426   Ti I    22.0     22.100000
6258.11     1.440     -0.426509   Ti I    22.0     51.500000
6261.10     1.430     -0.471204   Ti I    22.0     49.200000
6599.12     0.900     -2.053986   Ti I    22.0      9.300000
4583.41     1.160     -2.859025   Ti II   22.1     31.800000
4636.33     1.160     -3.162559   Ti II   22.1     19.800000
4657.20     1.240     -2.382377   Ti II   22.1     49.300000
4708.67     1.240     -2.396452   Ti II   22.1     48.900000
4911.20     3.120     -0.526787   Ti II   22.1     52.300000
5211.54     2.590     -1.496005   Ti II   22.1     32.800000
5381.03     1.570     -1.899528   Ti II   22.1     59.100000
5418.77     1.580     -2.107312   Ti II   22.1     49.500000
4502.21     2.920     -0.558006   Mn I    25.0     57.000000
4671.77     2.890     -1.644939   Mn I    25.0     14.800000
4739.11     2.940     -0.484469   Mn I    25.0     60.100000
5377.62     3.840     -0.121762   Mn I    25.0     40.800000
5399.47     3.850     -0.160641   Mn I    25.0     38.500000
5413.67     3.860     -0.551297   Mn I    25.0     21.600000
4575.11     3.370     -1.014165   Cr I    24.0     10.000000
4600.75     1.000     -1.421783   Cr I    24.0     82.300000
4626.18     0.970     -1.433088   Cr I    24.0     83.300000
4633.25     3.130     -1.224842   Cr I    24.0     10.400000
4700.61     2.710     -1.468900   Cr I    24.0     14.000000
4708.02     3.170     -0.083497   Cr I    24.0     55.000000
4730.72     3.080     -0.299216   Cr I    24.0     46.300000
4767.86     3.560     -0.605411   Cr I    24.0     16.100000
4775.14     3.550     -1.037297   Cr I    24.0      6.900000
4936.34     3.110     -0.300660   Cr I    24.0     45.600000
4964.93     0.940     -2.585221   Cr I    24.0     38.100000
5214.14     3.370     -0.788858   Cr I    24.0     16.400000
5238.97     2.710     -1.438556   Cr I    24.0     15.900000
5247.57     0.960     -1.643542   Cr I    24.0     82.000000
5287.18     3.440     -0.965172   Cr I    24.0     10.400000
5296.70     0.980     -1.410150   Cr I    24.0     93.100000
5300.75     0.980     -2.129690   Cr I    24.0     58.900000
5781.18     3.320     -0.890784   Cr I    24.0     15.500000
5783.07     3.320     -0.487208   Cr I    24.0     31.400000
5787.92     3.320     -0.155671   Cr I    24.0     46.000000
6661.08     4.190     -0.226207   Cr I    24.0     12.000000
6882.52     3.440     -0.376979   Cr I    24.0     32.200000
4588.20     4.070     -0.802079   Cr II   24.1     68.500000
4592.05     4.070     -1.292872   Cr II   24.1     47.600000
4884.61     3.860     -2.097782   Cr II   24.1     23.400000
5670.85     1.080     -0.444986   V I     23.0     18.800000
6081.45     1.050     -0.650790   V I     23.0     14.100000
6224.51     0.290     -1.885526   V I     23.0      5.300000
6251.83     0.290     -1.390847   V I     23.0     15.000000
6274.66     0.270     -1.702950   V I     23.0      8.300000
6285.17     0.280     -1.633009   V I     23.0      9.500000
4594.63     3.630     -0.394515   Co I    27.0     12.500000
4792.86     3.250     -0.186336   Co I    27.0     32.700000
4813.48     3.220      0.078314   Co I    27.0     45.900000
5301.05     1.710     -2.055819   Co I    27.0     19.500000
5342.71     4.020      0.000000   Co I    27.0     32.300000
5352.05     3.580     -0.114251   Co I    27.0     24.400000
5359.20     4.150     -0.068331   Co I    27.0      9.600000
5647.24     2.280     -1.696274   Co I    27.0     14.000000
6814.95     1.960     -1.912006   Co I    27.0     18.800000
4512.99     3.710     -1.482888   Ni I    28.0     19.400000
4811.99     3.660     -1.370251   Ni I    28.0     25.600000
4814.60     3.600     -1.690492   Ni I    28.0     16.700000
4913.98     3.740     -0.673710   Ni I    28.0     55.700000
4946.04     3.800     -1.239613   Ni I    28.0     26.200000
4952.29     3.610     -1.263945   Ni I    28.0     32.300000
4976.33     1.680     -3.008329   Ni I    28.0     37.700000
4995.66     3.630     -1.629613   Ni I    28.0     17.900000
5010.94     3.630     -0.930976   Ni I    28.0     48.800000
5081.11     3.850      0.052669   Ni I    28.0     93.500000
5094.41     3.830     -1.120437   Ni I    28.0     30.300000
5392.33     4.150     -1.364884   Ni I    28.0     12.000000
5435.86     1.990     -2.428576   Ni I    28.0     51.700000
5462.50     3.850     -0.898918   Ni I    28.0     41.000000
5587.87     1.930     -2.473526   Ni I    28.0     52.900000
5589.36     3.900     -1.164540   Ni I    28.0     26.700000
5625.32     4.090     -0.737706   Ni I    28.0     37.800000
5628.35     4.090     -1.315875   Ni I    28.0     14.700000
5638.75     3.900     -1.708865   Ni I    28.0      9.800000
5641.88     4.110     -1.031221   Ni I    28.0     24.100000
5643.08     4.160     -1.244069   Ni I    28.0     15.100000
5694.99     4.090     -0.635961   Ni I    28.0     43.100000
5748.36     1.680     -3.285783   Ni I    28.0     28.000000
5805.22     4.170     -0.608995   Ni I    28.0     40.800000
5847.00     1.680     -3.411177   Ni I    28.0     23.000000
5996.73     4.240     -1.020303   Ni I    28.0     20.300000
6086.29     4.270     -0.476554   Ni I    28.0     43.500000
6108.12     1.680     -2.513081   Ni I    28.0     65.000000
6111.08     4.090     -0.837160   Ni I    28.0     34.200000
6119.76     4.270     -1.320819   Ni I    28.0     10.900000
6128.98     1.680     -3.374589   Ni I    28.0     25.300000
6130.14     4.270     -0.945995   Ni I    28.0     22.100000
6175.37     4.090     -0.552447   Ni I    28.0     49.000000
6176.82     4.090     -0.280908   Ni I    28.0     63.700000
6177.25     1.830     -3.541377   Ni I    28.0     14.600000
6186.72     4.110     -0.900556   Ni I    28.0     30.500000
6204.61     4.090     -1.118201   Ni I    28.0     22.000000
6223.99     4.110     -0.964359   Ni I    28.0     27.700000
6230.10     4.110     -1.143539   Ni I    28.0     20.600000
6322.17     4.150     -1.174773   Ni I    28.0     18.400000
6327.60     1.680     -3.087976   Ni I    28.0     38.600000
6360.81     4.170     -1.143255   Ni I    28.0     18.500000
6378.26     4.150     -0.842463   Ni I    28.0     31.800000
6598.60     4.240     -0.915912   Ni I    28.0     24.900000
6635.13     4.420     -0.786793   Ni I    28.0     23.600000
6767.78     1.830     -2.083979   Ni I    28.0     79.200000
6772.32     3.660     -0.993979   Ni I    28.0     49.200000
6842.04     3.660     -1.506078   Ni I    28.0     24.200000
