 WL          Excit           loggf   ele      num    Ion lt
-------     ---------       ------- ---      ---    ------
4508.28     2.860     -2.538751    FeII    26.1     87.300000
4520.22     2.810     -2.687848    FeII    26.1     81.900000
4523.40     3.650     -1.958471    FeI     26.0     44.200000
4531.62     3.210     -1.828860    FeI     26.0     66.400000
4534.17     2.860     -3.303863    FeII    26.1     53.700000
4537.67     3.270     -2.946639    FeI     26.0     17.400000
4541.52     2.860     -2.886030    FeII    26.1     71.500000
4551.65     3.940     -2.009198    FeI     26.0     29.100000
4554.46     2.870     -2.846157    FeI     26.0     37.400000
4556.93     3.250     -2.710264    FeI     26.0     26.300000
4561.41     2.760     -2.940030    FeI     26.0     36.500000
4566.52     3.300     -2.202829    FeI     26.0     46.200000
4574.22     3.210     -2.454661    FeI     26.0     41.000000
4574.72     2.280     -2.928258    FeI     26.0     59.600000
4576.34     2.840     -3.091909    FeII    26.1     64.900000
4579.33     2.830     -3.095393    FeI     26.0     27.300000
4582.84     2.840     -3.184930    FeII    26.1     59.700000
4593.53     3.940     -2.001083    FeI     26.0     29.500000
4596.41     3.650     -2.175739    FeI     26.0     34.100000
4602.00     1.610     -3.241151    FeI     26.0     72.200000
4602.95     1.490     -2.272388    FeI     26.0    123.900000
4607.65     3.980     -0.715987    FeI     26.0     90.000000
4620.51     2.830     -3.339570    FeII    26.1     53.900000
4625.05     3.240     -1.416236    FeI     26.0     96.700000
4629.34     2.810     -2.393797    FeII    26.1     97.900000
4630.12     2.280     -2.609624    FeI     26.0     74.300000
4631.49     4.550     -1.963750    FeI     26.0     11.600000
4635.85     2.850     -2.420116    FeI     26.0     55.500000
4656.98     2.890     -3.769632    FeII    26.1     33.800000
4661.54     4.560     -1.230338    FeI     26.0     38.500000
4670.17     2.580     -4.101247    FeII    26.1     32.000000
4690.14     3.690     -1.643622    FeI     26.0     58.800000
4741.53     2.830     -2.015741    FeI     26.0     73.100000
4749.95     4.560     -1.271497    FeI     26.0     36.000000
4757.58     3.270     -2.025309    FeI     26.0     56.300000
4772.82     1.560     -2.762919    FeI     26.0     94.000000
4779.44     3.420     -2.209952    FeI     26.0     41.400000
4780.81     3.250     -3.310865    FeI     26.0      9.200000
4787.83     3.000     -2.631950    FeI     26.0     42.800000
4788.76     3.240     -1.769416    FeI     26.0     67.000000
4789.65     3.550     -1.152985    FeI     26.0     85.500000
4793.97     3.050     -3.535359    FeI     26.0      8.600000
4794.36     2.420     -3.962116    FeI     26.0     12.400000
4799.41     3.640     -2.131942    FeI     26.0     35.900000
4802.52     4.610     -1.777818    FeI     26.0     14.900000
4802.88     3.690     -1.553018    FeI     26.0     60.400000
4808.15     3.250     -2.689984    FeI     26.0     27.700000
4809.94     3.570     -2.612150    FeI     26.0     19.400000
4811.05     3.070     -3.248914    FeI     26.0     14.500000
4885.43     3.880     -1.133636    FeI     26.0     72.500000
4905.14     3.930     -1.895868    FeI     26.0     35.500000
4923.93     2.890     -1.709491    FeII    26.1    154.300000
4924.77     2.280     -2.153359    FeI     26.0     97.900000
4946.39     3.370     -1.243970    FeI     26.0    103.700000
4952.65     4.210     -1.211937    FeI     26.0     55.100000
4961.92     3.630     -2.367541    FeI     26.0     26.700000
4962.58     4.180     -1.231311    FeI     26.0     55.100000
4967.90     4.190     -0.684018    FeI     26.0     82.900000
4993.70     4.210     -1.158801    FeI     26.0     57.600000
4994.14     0.920     -3.254661    FeI     26.0    105.300000
5044.22     2.850     -2.191686    FeI     26.0     73.600000
5049.82     2.280     -1.548184    FeI     26.0    149.300000
5054.65     3.640     -2.037083    FeI     26.0     40.600000
5067.15     4.220     -0.930578    FeI     26.0     73.000000
5068.77     2.940     -1.319705    FeI     26.0    131.100000
5072.68     4.220     -0.981997    FeI     26.0     65.900000
5074.76     4.220     -0.303388    FeI     26.0    120.400000
5083.34     0.960     -3.137279    FeI     26.0    111.300000
5088.15     4.150     -1.631107    FeI     26.0     38.900000
5090.78     4.260     -0.592990    FeI     26.0     93.800000
5107.45     0.990     -3.231482    FeI     26.0    104.300000
5107.65     1.560     -2.679118    FeI     26.0    105.700000
5109.65     4.300     -0.815209    FeI     26.0     76.800000
5127.36     0.920     -3.401970    FeI     26.0     99.400000
5129.63     3.940     -1.534443    FeI     26.0     53.100000
5132.67     2.810     -4.092155    FeII    26.1     24.600000
5141.74     2.420     -2.206585    FeI     26.0     89.300000
5143.73     2.200     -3.880470    FeI     26.0     22.300000
5151.91     1.010     -3.234569    FeI     26.0    103.600000
5159.06     4.280     -0.916084    FeI     26.0     71.200000
5180.06     4.470     -1.181788    FeI     26.0     47.600000
5187.91     4.140     -1.217120    FeI     26.0     57.900000
5194.95     1.560     -2.415170    FeI     26.0    124.400000
5195.48     4.220     -0.380677    FeI     26.0    101.800000
5196.06     4.260     -0.813334    FeI     26.0     73.400000
5197.57     3.230     -2.507512    FeII    26.1     80.100000
5197.94     4.300     -1.565172    FeI     26.0     35.500000
5198.72     2.220     -2.261198    FeI     26.0     97.400000
5217.40     3.210     -1.305386    FeI     26.0    112.900000
5223.19     3.630     -2.315233    FeI     26.0     29.400000
5225.53     0.110     -4.841264    FeI     26.0     72.200000
5228.38     4.220     -1.158315    FeI     26.0     60.000000
5229.86     3.280     -1.190100    FeI     26.0    120.400000
5234.63     3.220     -2.348506    FeII    26.1     83.500000
5242.50     3.630     -1.081224    FeI     26.0     86.700000
5243.78     4.260     -1.088912    FeI     26.0     62.200000
5247.06     0.090     -5.003664    FeI     26.0     66.400000
5250.21     0.120     -4.939033    FeI     26.0     68.000000
5253.02     2.280     -3.926804    FeI     26.0     18.300000
5253.47     3.280     -1.752480    FeI     26.0     77.600000
5256.94     2.890     -4.106618    FeII    26.1     21.700000
5263.31     3.270     -1.110340    FeI     26.0    127.900000
5264.81     3.230     -3.193704    FeII    26.1     45.600000
5284.11     2.890     -3.226992    FeII    26.1     57.600000
5288.53     3.690     -1.627258    FeI     26.0     57.800000
5293.96     4.140     -1.805099    FeI     26.0     30.600000
5294.55     3.640     -2.690296    FeI     26.0     15.500000
5295.32     4.420     -1.593914    FeI     26.0     29.300000
5361.62     4.420     -1.273506    FeI     26.0     44.900000
5373.71     4.470     -0.919704    FeI     26.0     62.800000
5376.83     4.290     -2.108618    FeI     26.0     14.700000
5379.58     3.690     -1.568885    FeI     26.0     61.200000
5386.34     4.150     -1.785712    FeI     26.0     32.100000
5389.48     4.420     -0.609398    FeI     26.0     84.600000
5395.22     4.450     -1.795584    FeI     26.0     20.000000
5398.28     4.450     -0.755684    FeI     26.0     73.300000
5401.27     4.320     -1.779456    FeI     26.0     25.100000
5406.78     4.370     -1.504126    FeI     26.0     35.800000
5409.14     4.370     -1.122442    FeI     26.0     55.700000
5414.07     3.220     -3.659441    FeII    26.1     26.900000
5417.04     4.420     -1.478861    FeI     26.0     34.800000
5425.25     3.200     -3.320725    FeII    26.1     41.100000
5432.95     4.450     -0.795858    FeI     26.0     70.600000
5436.30     4.390     -1.383247    FeI     26.0     40.500000
5436.59     2.280     -3.336467    FeI     26.0     43.700000
5441.34     4.310     -1.635315    FeI     26.0     32.400000
5461.55     4.450     -1.636994    FeI     26.0     26.100000
5464.28     4.140     -1.640861    FeI     26.0     38.200000
5466.99     3.650     -2.192132    FeI     26.0     34.200000
5473.17     4.190     -2.059752    FeI     26.0     19.500000
5481.25     4.100     -1.287395    FeI     26.0     60.500000
5491.83     4.190     -2.257543    FeI     26.0     13.300000
5522.45     4.210     -1.485430    FeI     26.0     44.000000
5525.12     3.270     -4.083693    FeII    26.1     12.400000
5534.66     4.150     -2.456048    FeI     26.0      9.700000
5534.85     3.250     -2.885180    FeII    26.1     58.100000
5538.52     3.630     -2.145453    FeI     26.0     37.700000
5543.94     4.220     -1.129829    FeI     26.0     62.200000
5546.51     4.370     -1.185704    FeI     26.0     52.000000
5547.00     4.220     -1.809628    FeI     26.0     28.100000
5553.58     4.430     -1.384080    FeI     26.0     38.800000
5560.22     4.430     -1.134469    FeI     26.0     52.400000
5567.40     2.610     -2.665147    FeI     26.0     60.800000
5577.03     5.030     -1.551757    FeI     26.0     11.500000
5584.77     3.570     -2.238558    FeI     26.0     35.800000
5587.58     4.140     -1.709272    FeI     26.0     35.500000
5594.66     4.550     -0.861805    FeI     26.0     58.300000
5618.64     4.210     -1.364224    FeI     26.0     50.500000
5619.60     4.390     -1.496487    FeI     26.0     35.000000
5633.95     4.990     -0.343206    FeI     26.0     66.500000
5635.83     4.260     -1.636071    FeI     26.0     35.100000
5636.70     3.640     -2.573065    FeI     26.0     19.800000
5638.27     4.220     -0.868119    FeI     26.0     77.600000
5641.44     4.260     -1.023349    FeI     26.0     66.200000
5649.99     5.100     -0.819218    FeI     26.0     36.200000
5651.47     4.470     -1.833612    FeI     26.0     18.400000
5652.32     4.260     -1.817520    FeI     26.0     26.300000
5653.87     4.390     -1.469624    FeI     26.0     36.700000
5661.35     4.280     -1.891394    FeI     26.0     22.500000
5662.52     4.180     -0.544855    FeI     26.0     93.400000
5667.52     4.180     -1.319082    FeI     26.0     52.400000
5679.03     4.650     -0.829172    FeI     26.0     59.500000
5680.24     4.190     -2.402870    FeI     26.0     10.300000
5701.55     2.560     -2.237583    FeI     26.0     84.500000
5715.09     4.280     -0.824746    FeI     26.0     72.500000
5720.90     4.550     -1.880612    FeI     26.0     14.900000
5731.77     4.260     -1.182945    FeI     26.0     57.800000
5738.24     4.220     -2.231063    FeI     26.0     13.600000
5741.85     4.260     -1.692461    FeI     26.0     32.000000
5752.04     4.550     -0.924847    FeI     26.0     55.200000
5775.08     4.220     -1.132407    FeI     26.0     59.800000
5778.46     4.150     -2.024798    FeI     26.0     22.000000
5793.92     4.220     -1.688856    FeI     26.0     34.000000
5806.73     4.610     -0.943386    FeI     26.0     54.600000
5809.22     3.880     -1.711758    FeI     26.0     50.400000
5811.92     4.140     -2.402680    FeI     26.0     11.400000
5814.81     4.280     -1.883334    FeI     26.0     23.000000
5815.22     4.150     -2.439853    FeI     26.0     10.500000
5827.88     3.280     -3.213609    FeI     26.0     11.700000
5852.22     4.550     -1.248567    FeI     26.0     40.500000
5853.15     1.490     -5.192077    FeI     26.0      7.500000
5855.08     4.610     -1.602016    FeI     26.0     22.300000
5856.09     4.290     -1.610494    FeI     26.0     33.400000
5862.36     4.550     -0.349904    FeI     26.0     87.600000
5902.48     4.590     -1.859727    FeI     26.0     14.200000
5905.68     4.650     -0.844806    FeI     26.0     58.700000
5916.26     2.450     -2.976832    FeI     26.0     54.200000
5927.79     4.650     -1.126362    FeI     26.0     42.900000
5929.68     4.550     -1.270022    FeI     26.0     39.500000
5930.19     4.650     -0.387585    FeI     26.0     87.900000
5934.66     3.930     -1.228891    FeI     26.0     76.400000
5956.70     0.860     -4.577625    FeI     26.0     53.700000
5983.69     4.550     -0.699566    FeI     26.0     67.200000
5984.82     4.730     -0.285155    FeI     26.0     83.000000
5987.07     4.790     -0.453144    FeI     26.0     70.200000
5991.38     3.150     -3.622299    FeII    26.1     31.200000
6005.55     2.590     -3.538759    FeI     26.0     22.400000
6024.06     4.550     -0.172049    FeI     26.0    110.500000
6027.06     4.080     -1.182867    FeI     26.0     64.400000
6034.04     4.310     -2.379947    FeI     26.0      8.800000
6035.34     4.290     -2.538283    FeI     26.0      6.500000
6054.08     4.370     -2.304034    FeI     26.0      9.100000
6056.01     4.730     -0.551813    FeI     26.0     72.600000
6065.49     2.610     -1.705453    FeI     26.0    117.900000
6078.49     4.790     -0.318239    FeI     26.0     77.900000
6079.01     4.650     -1.069250    FeI     26.0     45.800000
6082.72     2.220     -3.627803    FeI     26.0     34.500000
6084.11     3.200     -3.856964    FeII    26.1     20.900000
6089.57     4.580     -1.315149    FeI     26.0     35.300000
6094.38     4.650     -1.629340    FeI     26.0     19.900000
6096.67     3.980     -1.862417    FeI     26.0     38.200000
6098.25     4.560     -1.821479    FeI     26.0     16.500000
6113.32     3.220     -4.183622    FeII    26.1     11.300000
6120.25     0.920     -5.958690    FeI     26.0      5.200000
6127.91     4.140     -1.446867    FeI     26.0     48.900000
6149.25     3.890     -2.798096    FeII    26.1     36.200000
6151.62     2.180     -3.357242    FeI     26.0     49.700000
6157.73     4.080     -1.242728    FeI     26.0     61.500000
6159.38     4.610     -1.945714    FeI     26.0     11.900000
6165.36     4.140     -1.534992    FeI     26.0     44.500000
6173.34     2.220     -2.935714    FeI     26.0     68.000000
6180.21     2.730     -2.683894    FeI     26.0     55.800000
6187.99     3.940     -1.710635    FeI     26.0     48.200000
6200.32     2.610     -2.456905    FeI     26.0     73.000000
6213.44     2.220     -2.653630    FeI     26.0     82.600000
6219.29     2.200     -2.535076    FeI     26.0     89.600000
6220.79     3.880     -2.404239    FeI     26.0     19.000000
6226.74     3.880     -2.146524    FeI     26.0     29.200000
6229.24     2.850     -2.931146    FeI     26.0     38.600000
6232.65     3.650     -1.214568    FeI     26.0     83.300000
6238.39     3.890     -2.608154    FeII    26.1     44.400000
6239.94     3.890     -3.525976    FeII    26.1     12.200000
6240.65     2.220     -3.347027    FeI     26.0     48.300000
6247.56     3.890     -2.434501    FeII    26.1     52.200000
6265.14     2.180     -2.631229    FeI     26.0     86.000000
6270.23     2.860     -2.630978    FeI     26.0     52.800000
6290.98     4.730     -0.556403    FeI     26.0     67.500000
6297.80     2.220     -2.838995    FeI     26.0     73.500000
6303.46     4.320     -2.559845    FeI     26.0      6.000000
6315.81     4.080     -1.684280    FeI     26.0     40.500000
6322.69     2.590     -2.437540    FeI     26.0     76.000000
6335.34     2.200     -2.421579    FeI     26.0     97.200000
6336.83     3.690     -1.056052    FeI     26.0    107.000000
6358.68     0.860     -3.965750    FeI     26.0     84.400000
6369.46     2.890     -4.204105    FeII    26.1     19.100000
6380.75     4.190     -1.334830    FeI     26.0     52.200000
6385.72     4.730     -1.891094    FeI     26.0     10.700000
6392.54     2.280     -4.000097    FeI     26.0     17.800000
6407.29     3.890     -2.957520    FeII    26.1     29.400000
6416.93     3.890     -2.696870    FeII    26.1     40.500000
6430.85     2.180     -2.213045    FeI     26.0    112.100000
6432.69     2.890     -3.652157    FeII    26.1     41.000000
6442.97     5.550     -2.473362    FeII    26.1      5.100000
6456.39     3.900     -2.201146    FeII    26.1     63.000000
6481.88     2.280     -2.989351    FeI     26.0     64.100000
6498.94     0.960     -4.676000    FeI     26.0     46.100000
6516.09     2.890     -3.362528    FeII    26.1     54.200000
6581.21     1.490     -4.760768    FeI     26.0     19.000000
6593.88     2.430     -2.443319    FeI     26.0     84.600000
6608.03     2.280     -4.025246    FeI     26.0     17.400000
6609.12     2.560     -2.684092    FeI     26.0     65.700000
6625.02     1.010     -5.331560    FeI     26.0     16.100000
6627.55     4.550     -1.532143    FeI     26.0     28.200000
6646.94     2.610     -3.970313    FeI     26.0     10.300000
6653.86     4.150     -2.470235    FeI     26.0     10.400000
6699.15     4.590     -2.167596    FeI     26.0      8.200000
6703.57     2.760     -3.075280    FeI     26.0     36.900000
6705.11     4.610     -1.079115    FeI     26.0     46.500000
6710.32     1.490     -4.866150    FeI     26.0     15.900000
6713.05     4.610     -1.562271    FeI     26.0     24.300000
6713.20     4.140     -2.496151    FeI     26.0     10.000000
6713.74     4.790     -1.489255    FeI     26.0     21.200000
6725.36     4.100     -2.250617    FeI     26.0     17.600000
6726.67     4.610     -1.064702    FeI     26.0     47.200000
6732.07     4.580     -2.199567    FeI     26.0      7.700000
6733.15     4.640     -1.492758    FeI     26.0     26.700000
6739.52     1.560     -4.954846    FeI     26.0     11.700000
6745.11     4.580     -2.153683    FeI     26.0      8.600000
6745.97     4.080     -2.713225    FeI     26.0      7.200000
6750.16     2.420     -2.674452    FeI     26.0     74.000000
6752.71     4.640     -1.289470    FeI     26.0     35.800000
6786.86     4.190     -1.958601    FeI     26.0     25.500000
6793.26     4.580     -1.958144    FeI     26.0     12.700000
6806.85     2.730     -3.160421    FeI     26.0     34.700000
6810.27     4.610     -1.059745    FeI     26.0     50.200000
6820.37     4.640     -1.200739    FeI     26.0     41.100000
6828.60     3.570     -1.970055    FeI     26.0     55.500000
6833.23     4.640     -2.036165    FeI     26.0      9.800000
6837.01     4.590     -1.777117    FeI     26.0     17.300000
6839.84     2.560     -3.428012    FeI     26.0     29.900000
6842.69     4.640     -1.236349    FeI     26.0     39.300000
6843.66     4.550     -0.920323    FeI     26.0     60.700000
6855.72     4.610     -1.738557    FeI     26.0     18.600000
6857.25     4.080     -2.128289    FeI     26.0     22.400000
6858.15     4.610     -1.022864    FeI     26.0     51.600000
6861.94     2.420     -3.855360    FeI     26.0     18.900000
6862.50     4.560     -1.495528    FeI     26.0     29.900000
6864.32     4.560     -2.291871    FeI     26.0      6.800000
