    1 26.0  5242.49  3.630 -0.970 0.00 
    2 26.0  5295.31  4.415 -1.590 0.00 
    3 26.0  5322.04  2.279 -2.800 0.00 
    4 26.0  5379.57  3.694 -1.510 0.00 
    5 26.0  5386.33  4.154 -1.670 0.00 
    6 26.0  5441.34  4.310 -1.630 0.00 
    7 26.0  5466.40  4.370 -0.630 0.00 
    8 26.0  5466.99  3.573 -2.230 0.00 
    9 26.0  5522.45  4.209 -1.400 0.00 
   10 26.0  5525.54  4.231 -1.080 0.00 
   11 26.0  5543.94  4.220 -1.080 0.00 
   12 26.0  5560.21  4.434 -1.040 0.00 
   13 26.0  5618.63  4.209 -1.280 0.00 
   14 26.0  5633.95  4.991 -0.120 0.00 
   15 26.0  5636.70  3.640 -2.610 0.00 
   16 26.0  5638.26  4.220 -0.770 0.00 
   17 26.0  5679.02  4.652 -0.750 0.00 
   18 26.0  5701.54  2.559 -2.140 0.00 
   19 26.0  5705.46  4.301 -1.360 0.00 
   20 26.0  5731.76  4.260 -1.150 0.00 
   21 26.0  5741.85  4.256 -1.670 0.00 
   22 26.0  5778.45  2.588 -3.440 0.00 
   23 26.0  5793.91  4.220 -1.620 0.00 
   24 26.0  5806.72  4.607 -0.900 0.00 
   25 26.0  5855.08  4.608 -1.480 0.00 
   26 26.0  5905.67  4.650 -0.690 0.00 
   27 26.0  5927.79  4.650 -0.990 0.00 
   28 26.0  5934.65  3.928 -1.020 0.00 
   29 26.0  5956.69  0.859 -4.610 0.00 
   30 26.0  6003.01  3.880 -1.060 0.00 
   31 26.0  6027.05  4.076 -1.090 0.00 
   32 26.0  6056.00  4.730 -0.400 0.00 
   33 26.0  6079.01  4.650 -1.020 0.00 
   34 26.0  6151.62  2.176 -3.370 0.00   c
   35 26.0  6157.73  4.076 -1.110 0.00   c 
   36 26.0  6165.36  4.143 -1.470 0.00   c
   37 26.0  6173.33  2.223 -2.880 0.00   c
   38 26.0  6180.20  2.727 -2.650 0.00   c
   39 26.0  6187.99  3.940 -1.620 0.00   c
   40 26.0  6213.43  2.223 -2.577 0.00   f
   41 26.0  6232.64  3.651 -1.200 0.00 
   42 26.0  6240.65  2.223 -3.170 0.00 
   43 26.0  6246.32  3.602 -0.880 0.00 
   44 26.0  6252.55  2.404 -1.690 0.00 
   45 26.0  6265.13  2.174 -2.550 0.00 
   46 26.0  6270.23  2.858 -2.710 0.00 
   47 26.0  6335.34  2.200 -2.180 0.00 
   48 26.0  6393.60  2.433 -1.580 0.00 
   49 26.0  6411.65  3.654 -0.720 0.00 
   50 26.0  6593.87  2.433 -2.420 0.00 
   51 26.0  6703.57  2.759 -3.020 0.00 
   52 26.0  6705.10  4.607 -0.980 0.00 
   53 26.0  6713.74  4.795 -1.400 0.00 
   54 26.0  6726.67  4.607 -1.030 0.00 
   55 26.0  6733.15  4.637 -1.430 0.00 
   56 26.0  6750.15  2.424 -2.580 0.00 
   57 26.0  6793.26  4.076 -2.330 0.00 
   58 26.0  6842.69  4.640 -1.220 0.00 
   59 26.0  6843.66  4.550 -0.830 0.00 
   60 26.0  6858.15  4.607 -0.930 0.00 
   63 26.1  5234.62  3.221 -2.180 0.00 
   64 26.1  5264.80  3.230 -3.130 0.00 
   65 26.1  5325.55  3.221 -3.260 0.00 
   66 26.1  5414.07  3.221 -3.580 0.00 
   67 26.1  5425.26  3.200 -3.220 0.00 
   68 26.1  5525.12  3.267 -3.970 0.00 
   69 26.1  5991.38  3.153 -3.540 0.00 
   70 26.1  6084.11  3.199 -3.790 0.00 
   71 26.1  6113.32  3.221 -4.140 0.00 
   72 26.1  6149.26  3.889 -2.690 0.00 
   73 26.1  6247.56  3.892 -2.300 0.00 
   74 26.1  6369.46  2.891 -4.110 0.00 
   75 26.1  6456.38  3.903 -2.050 0.00 
