 Al 1  5557.063  3.143 -1.042  -0.122
 Al 1  6696.023  3.143 -1.347  -1.556
 Al 1  6698.673  3.143 -1.647  -1.803
 Ba 2  4554.029  0.000  0.170   0.276
 Ba 2  6496.897  0.604 -0.377  -0.238
 C  1  4932.049  7.685 -1.884  -1.070
 C  1  5052.167  7.685 -1.648  -1.196
 C  1  5380.337  7.685 -1.842  -1.475
 C  1  5800.602  7.946 -2.338  -2.075
 C  1  6010.675  8.640 -4.605   0.031
 C  1  6014.834  8.643 -1.585  -1.379
 C  1  6397.961  8.771 -1.778  -1.287
 C  1  6587.610  8.537 -1.596  -0.901
 C  1  6655.517  8.537 -1.370  -1.669
 C  1  7111.469  8.640 -2.140  -0.209
 C  1  7113.179  8.647 -0.774  -0.700
 C  1  7115.168  8.643 -0.935  -0.808
 C  1  7116.988  8.647 -0.508   0.093
 C  1  7119.657  8.643 -1.149  -0.785
 C  1  8058.624  8.851 -1.275  -0.907
 C  1  8335.148  7.685 -0.420  -0.117
 Ca 1  4425.437  1.879 -1.540  -0.126
 Ca 1  4434.957  1.886 -0.579  -0.223
 Ca 1  4526.928  2.709 -0.907  -0.610
 Ca 1  4578.551  2.521 -0.170  -0.565
 Ca 1  4685.268  2.933 -0.544  -0.810
 Ca 1  5261.704  2.521 -0.591  -0.547
 Ca 1  5349.465  2.709 -1.178  -0.224
 Ca 1  5512.980  2.933 -0.712  -0.406
 Ca 1  5581.965  2.523 -0.569  -0.575
 Ca 1  5588.749  2.526  0.313   0.267
 Ca 1  5590.114  2.521 -0.596  -0.594
 Ca 1  5594.462  2.523  0.051   0.050
 Ca 1  5598.480  2.521 -0.134  -0.166
 Ca 1  5601.277  2.526 -0.552  -0.196
 Ca 1  5867.562  2.933 -0.801  -1.592
 Ca 1  6102.723  1.879 -0.862  -0.873
 Ca 1  6122.217  1.886 -0.386  -0.377
 Ca 1  6156.023  2.521 -2.497  -2.482
 Ca 1  6161.297  2.523 -1.293  -1.253
 Ca 1  6162.173  1.899 -0.167  -0.134
 Ca 1  6163.755  2.521 -1.303  -1.316
 Ca 1  6166.439  2.521 -1.156  -1.161
 Ca 1  6169.042  2.523 -0.804  -0.798
 Ca 1  6169.563  2.526 -0.527  -0.519
 Ca 1  6439.075  2.526  0.394   0.338
 Ca 1  6449.808  2.521 -1.015  -0.466
 Ca 1  6455.598  2.523 -1.557  -1.330
 Ca 1  6471.662  2.526 -0.653  -0.657
 Ca 1  6493.781  2.521  0.019  -0.108
 Ca 1  6499.650  2.523 -0.719  -0.778
 Ca 1  6508.850  2.526 -2.162  -2.500
 Ca 1  6717.681  2.709 -0.596  -0.432
 Ca 1  6798.479  2.709 -2.320  -2.499
 Ce 2  4562.359  0.478  0.310   0.130
 Ce 2  4628.161  0.516  0.220  -0.004
 Ce 2  4773.941  0.924  0.270   0.014
 Co 1  4792.846  3.252 -0.067  -0.131
 Co 1  4813.467  3.216  0.050   0.200
 Co 1  5212.691  3.514 -0.110  -0.212
 Co 1  5342.695  4.021  0.690   0.596
 Co 1  5352.045  3.576  0.060  -0.027
 Co 1  5359.192  4.149  0.340   0.038
 Co 1  5523.291  2.328 -1.390   0.104
 Co 1  5647.234  2.280 -1.560  -1.654
 Co 1  5830.066  3.568 -1.520   0.144
 Co 1  6093.143  1.740 -2.440  -2.437
 Co 1  6116.996  1.785 -2.490  -2.535
 Co 1  6429.906  2.137 -2.410  -2.817
 Co 1  6454.990  3.632 -0.250  -0.345
 Co 1  6477.853  3.775 -0.714  -0.821
 Co 1  6814.942  1.956 -1.900  -1.897
 Cr 1  4511.908  3.087 -0.343  -0.543
 Cr 1  4535.125  2.544 -0.980  -1.052
 Cr 1  4545.945  0.941 -1.370  -1.375
 Cr 1  4600.741  1.004 -1.260  -1.296
 Cr 1  4616.120  0.983 -1.190  -1.371
 Cr 1  4619.530  2.987 -0.590  -0.491
 Cr 1  4625.918  3.850 -0.310  -0.455
 Cr 1  4626.174  0.968 -1.320  -1.380
 Cr 1  4646.148  1.030 -0.700  -0.670
 Cr 1  4651.282  0.983 -1.460  -1.393
 Cr 1  4652.152  1.004 -1.030  -0.872
 Cr 1  4708.018  3.168  0.110   0.010
 Cr 1  4718.426  3.195  0.090   0.195
 Cr 1  4764.274  3.551 -0.280  -0.246
 Cr 1  4775.120  3.551 -1.050  -1.045
 Cr 1  4789.340  2.544 -0.366  -0.594
 Cr 1  4801.047  3.122 -0.131  -0.171
 Cr 1  4829.372  2.545 -0.787  -0.532
 Cr 1  4936.335  3.113 -0.340  -0.191
 Cr 1  4953.714  3.122 -1.550  -1.547
 Cr 1  4964.916  0.941 -2.527  -2.601
 Cr 1  5068.290  1.004 -3.127  -3.322
 Cr 1  5214.140  3.369 -0.740  -0.723
 Cr 1  5238.964  2.709 -1.305  -1.370
 Cr 1  5241.453  2.710 -2.080  -2.007
 Cr 1  5247.566  0.961 -1.640  -1.642
 Cr 1  5287.200  3.438 -0.907  -0.962
 Cr 1  5296.691  0.983 -1.400  -1.376
 Cr 1  5297.376  2.900  0.167  -0.056
 Cr 1  5300.744  0.983 -2.120  -2.147
 Cr 1  5348.312  1.004 -1.290  -1.255
 Cr 1  5628.621  3.422 -0.772  -0.771
 Cr 1  5642.370  3.857 -1.640   0.136
 Cr 1  5719.810  3.013 -1.730   0.146
 Cr 1  5746.408  3.849 -0.803  -1.079
 Cr 1  5781.204  3.322 -0.767  -0.837
 Cr 1  5783.093  3.323 -0.500  -0.436
 Cr 1  5783.886  3.322 -0.295  -0.231
 Cr 1  5787.037  3.013 -1.791  -1.572
 Cr 1  5787.965  3.322 -0.083  -0.157
 Cr 1  5788.394  3.013 -1.834  -1.564
 Cr 1  5790.657  1.004 -3.863  -4.088
 Cr 1  5844.593  3.013 -1.760  -1.815
 Cr 1  5982.880  3.168 -2.021  -1.636
 Cr 1  6330.093  0.941 -2.920  -2.956
 Cr 1  6501.194  0.983 -4.295  -3.630
 Cr 1  6537.929  1.004 -4.069  -3.957
 Cr 1  6630.005  1.030 -3.560  -3.557
 Cr 1  6661.078  4.193 -0.190  -0.170
 Cr 2  4558.650  4.073 -0.449  -0.363
 Cr 2  4588.199  4.071 -0.627  -0.522
 Cr 2  4592.049  4.074 -1.221  -1.007
 Cr 2  4616.629  4.072 -1.361  -1.156
 Cr 2  4618.803  4.074 -0.840  -0.466
 Cr 2  4634.070  4.072 -0.990  -0.700
 Cr 2  4812.337  3.864 -1.960  -1.696
 Cr 2  4824.127  3.871 -0.970  -0.665
 Cr 2  5210.865  3.758 -1.320  -0.060
 Cr 2  5232.496  4.071 -2.527  -0.074
 Cr 2  5237.329  4.073 -1.160  -1.098
 Cr 2  5246.768  3.714 -2.466  -2.318
 Cr 2  5280.054  4.074 -2.011  -2.009
 Cr 2  5478.365  4.178 -1.908  -1.608
 Cr 2  5508.606  4.156 -0.710  -0.000
 Cu 1  5105.537  1.389 -1.516  -0.962
 Cu 1  5218.197  3.817  0.476   0.236
 Cu 1  5220.066  3.817 -0.448  -0.825
 Cu 1  5700.237  1.642 -1.900   0.332
 Cu 1  5782.127  1.642 -1.720  -1.265
 Dy 2  4617.269  0.590 -1.030  -0.075
 Fe 1  4427.310  0.052 -0.870  -0.135
 Fe 1  4432.568  3.573 -0.840  -0.165
 Fe 1  4433.219  3.654 -1.300   0.400
 Fe 1  4433.782  3.602 -0.090   0.064
 Fe 1  4439.881  2.279 -1.356  -0.004
 Fe 1  4442.832  2.176 -0.746  -0.150
 Fe 1  4458.078  3.884 -0.170  -0.027
 Fe 1  4461.653  0.087 -0.211  -0.218
 Fe 1  4466.939  3.928 -0.062  -0.210
 Fe 1  4478.018  2.198 -0.980  -0.151
 Fe 1  4482.739  3.654 -0.012  -0.086
 Fe 1  4483.777  3.642 -0.570  -0.248
 Fe 1  4484.220  3.602 -2.110   0.106
 Fe 1  4485.676  3.686 -2.650  -0.027
 Fe 1  4489.739  0.121 -1.793  -0.121
 Fe 1  4490.084  3.017 -0.320  -0.228
 Fe 1  4492.678  3.984 -1.650  -1.716
 Fe 1  4494.563  2.198 -1.136  -1.242
 Fe 1  4495.953  3.654 -1.720  -1.777
 Fe 1  4523.399  3.654 -1.990  -1.920
 Fe 1  4527.783  3.251 -2.740  -2.446
 Fe 1  4531.625  3.211 -2.175  -2.252
 Fe 1  4537.673  3.267 -2.880  -3.007
 Fe 1  4547.847  3.546 -1.012  -0.914
 Fe 1  4551.647  3.943 -2.060  -1.935
 Fe 1  4554.451  2.865 -3.050  -2.907
 Fe 1  4556.925  3.251 -2.710  -2.675
 Fe 1  4566.515  3.301 -2.376  -2.282
 Fe 1  4568.764  3.266 -2.460  -2.256
 Fe 1  4571.438  2.875 -3.270  -3.260
 Fe 1  4574.216  3.211 -2.500  -2.375
 Fe 1  4574.718  2.279 -2.970  -2.924
 Fe 1  4587.128  3.573 -1.737  -1.768
 Fe 1  4593.525  3.943 -2.060  -1.969
 Fe 1  4602.001  1.608 -3.154  -3.166
 Fe 1  4602.941  1.485 -2.209  -2.146
 Fe 1  4607.647  3.266 -1.545  -1.133
 Fe 1  4619.288  3.602 -1.120  -1.052
 Fe 1  4625.045  3.241 -1.340  -1.382
 Fe 1  4630.120  2.279 -2.587  -2.592
 Fe 1  4635.846  2.845 -2.358  -2.285
 Fe 1  4637.503  3.283 -1.390  -1.242
 Fe 1  4638.010  3.602 -1.119  -1.104
 Fe 1  4643.463  3.654 -1.147  -1.044
 Fe 1  4657.585  2.845 -2.900  -2.865
 Fe 1  4661.534  4.558 -1.270  -1.151
 Fe 1  4669.171  3.654 -1.211  -1.137
 Fe 1  4678.846  3.602 -0.833  -0.726
 Fe 1  4683.560  2.831 -2.319  -2.294
 Fe 1  4690.138  3.686 -1.645  -1.540
 Fe 1  4704.948  3.686 -1.570  -1.365
 Fe 1  4705.457  3.546 -1.780  -0.026
 Fe 1  4707.275  3.241 -1.080  -0.937
 Fe 1  4707.488  2.845 -2.314  -2.228
 Fe 1  4725.940  4.294 -2.487  -2.328
 Fe 1  4726.137  2.998 -3.250  -3.150
 Fe 1  4728.546  3.654 -1.172  -0.939
 Fe 1  4729.019  4.076 -1.614  -1.467
 Fe 1  4733.592  1.485 -2.988  -3.073
 Fe 1  4736.773  3.211 -0.752  -0.642
 Fe 1  4741.530  2.831 -1.765  -1.959
 Fe 1  4745.800  3.654 -1.270  -1.126
 Fe 1  4749.948  4.558 -1.340  -1.192
 Fe 1  4757.582  3.274 -2.321  -2.057
 Fe 1  4772.803  1.557 -2.897  -3.320
 Fe 1  4779.439  3.415 -2.020  -2.259
 Fe 1  4785.957  4.143 -1.930  -1.790
 Fe 1  4786.807  3.017 -1.606  -1.511
 Fe 1  4787.827  2.998 -2.530  -2.557
 Fe 1  4788.757  3.237 -1.763  -1.759
 Fe 1  4789.651  3.546 -0.958  -1.076
 Fe 1  4793.962  3.047 -3.530  -3.546
 Fe 1  4794.360  2.424 -4.050  -3.985
 Fe 1  4798.265  4.186 -1.174  -1.401
 Fe 1  4799.406  3.640 -2.230  -2.112
 Fe 1  4800.129  3.038 -2.740  -3.165
 Fe 1  4800.649  4.143 -1.029  -0.854
 Fe 1  4802.880  3.642 -1.514  -1.522
 Fe 1  4807.709  3.368 -2.200  -2.035
 Fe 1  4808.148  3.251 -2.790  -2.645
 Fe 1  4809.938  3.573 -2.720  -2.568
 Fe 1  4832.728  3.640 -1.733  -1.665
 Fe 1  4835.868  4.103 -1.500  -1.360
 Fe 1  4839.544  3.267 -1.822  -1.657
 Fe 1  4841.785  4.191 -1.880  -1.684
 Fe 1  4842.788  4.103 -1.560  -1.413
 Fe 1  4843.144  3.396 -1.840  -1.662
 Fe 1  4882.143  3.417 -1.640  -1.456
 Fe 1  4885.430  3.882 -1.091  -0.855
 Fe 1  4886.326  4.154 -0.556  -0.555
 Fe 1  4892.859  4.217 -1.290  -1.175
 Fe 1  4907.732  3.430 -1.840  -1.732
 Fe 1  4910.015  3.397 -1.539  -1.089
 Fe 1  4910.562  4.218 -0.423  -0.501
 Fe 1  4917.230  4.191 -1.180  -0.907
 Fe 1  4924.770  2.279 -2.241  -2.100
 Fe 1  4930.315  3.960 -1.201  -0.942
 Fe 1  4938.814  2.875 -1.077  -1.214
 Fe 1  4939.687  0.859 -3.340  -3.303
 Fe 1  4961.914  3.634 -2.290  -2.330
 Fe 1  4962.572  4.178 -1.182  -1.088
 Fe 1  4966.089  3.332 -0.871  -0.866
 Fe 1  4967.890  4.191 -0.622  -0.448
 Fe 1  4969.918  4.217 -0.710  -0.710
 Fe 1  4970.496  3.635 -1.740  -1.661
 Fe 1  4973.102  3.960 -0.950  -0.811
 Fe 1  4977.647  3.929 -2.153  -1.945
 Fe 1  4985.253  3.928 -0.560  -0.449
 Fe 1  4985.547  2.865 -1.332  -1.472
 Fe 1  4985.984  4.256 -1.900  -1.854
 Fe 1  4986.223  4.217 -1.390  -1.286
 Fe 1  4988.950  4.154 -0.890  -0.644
 Fe 1  4991.868  4.220 -1.910  -2.138
 Fe 1  4994.130  0.915 -3.080  -3.207
 Fe 1  4999.113  4.186 -1.740  -1.531
 Fe 1  5001.864  3.881  0.010  -0.145
 Fe 1  5004.044  4.209 -1.400  -1.318
 Fe 1  5005.711  3.884 -0.180   0.127
 Fe 1  5012.695  4.283 -1.790  -1.414
 Fe 1  5014.943  3.943 -0.303  -0.279
 Fe 1  5022.235  3.984 -0.530  -0.529
 Fe 1  5027.120  4.154 -0.559  -0.451
 Fe 1  5028.126  3.573 -1.123  -0.941
 Fe 1  5029.618  3.415 -2.050  -1.899
 Fe 1  5044.211  2.851 -2.038  -2.094
 Fe 1  5049.820  2.279 -1.355  -1.359
 Fe 1  5051.635  0.915 -2.795  -3.076
 Fe 1  5067.150  4.220 -0.970  -0.835
 Fe 1  5068.766  2.940 -1.042  -1.164
 Fe 1  5072.076  4.283 -1.031  -0.230
 Fe 1  5072.668  4.220 -1.224  -0.810
 Fe 1  5079.223  2.198 -2.067  -1.991
 Fe 1  5079.740  0.990 -3.220  -3.185
 Fe 1  5083.339  0.958 -2.958  -3.004
 Fe 1  5088.153  4.154 -1.780  -1.547
 Fe 1  5090.774  4.256 -0.400  -0.426
 Fe 1  5107.447  0.990 -3.087  -3.212
 Fe 1  5107.641  1.557 -2.418  -2.648
 Fe 1  5109.652  4.301 -0.980  -0.653
 Fe 1  5115.778  3.573 -2.740  -2.248
 Fe 1  5121.639  4.283 -0.810  -0.690
 Fe 1  5125.117  4.220 -0.140  -0.195
 Fe 1  5127.359  0.915 -3.307  -3.308
 Fe 1  5127.680  0.052 -6.125  -6.008
 Fe 1  5131.469  2.223 -2.515  -2.279
 Fe 1  5133.689  4.178  0.140   0.216
 Fe 1  5137.382  4.178 -0.400  -0.253
 Fe 1  5139.252  2.998 -0.741  -0.879
 Fe 1  5141.739  2.424 -1.964  -2.068
 Fe 1  5148.225  4.256 -0.274  -0.224
 Fe 1  5151.911  1.011 -3.322  -3.167
 Fe 1  5159.058  4.283 -0.820  -0.775
 Fe 1  5162.273  4.178  0.020   0.133
 Fe 1  5178.801  4.386 -0.714  -0.107
 Fe 1  5194.942  1.557 -2.090  -2.281
 Fe 1  5195.468  4.220 -0.002  -0.013
 Fe 1  5197.937  4.301 -1.640  -1.456
 Fe 1  5198.711  2.223 -2.135  -2.197
 Fe 1  5215.181  3.266 -0.871  -1.024
 Fe 1  5216.274  1.608 -2.150  -2.402
 Fe 1  5217.389  3.211 -1.070  -1.145
 Fe 1  5222.394  2.279 -0.366  -0.228
 Fe 1  5223.185  3.635 -1.783  -2.226
 Fe 1  5225.526  0.110 -4.789  -4.745
 Fe 1  5228.377  4.220 -1.290  -1.037
 Fe 1  5235.387  4.076 -0.854  -0.978
 Fe 1  5236.204  4.186 -1.497  -1.532
 Fe 1  5242.491  3.634 -0.967  -0.967
 Fe 1  5243.777  4.256 -1.150  -1.006
 Fe 1  5247.050  0.087 -4.946  -4.981
 Fe 1  5250.209  0.121 -4.938  -4.904
 Fe 1  5250.646  2.198 -2.181  -2.104
 Fe 1  5253.030  2.279 -3.940  -3.861
 Fe 1  5253.462  3.283 -1.573  -1.643
 Fe 1  5263.306  3.266 -0.879  -0.995
 Fe 1  5269.537  0.859 -2.920  -0.036
 Fe 1  5273.164  3.292 -0.993  -1.074
 Fe 1  5281.790  3.038 -0.834  -1.013
 Fe 1  5285.129  4.434 -1.640  -1.504
 Fe 1  5288.525  3.694 -1.508  -1.611
 Fe 1  5293.959  4.143 -1.870  -1.720
 Fe 1  5294.548  3.640 -2.860  -2.652
 Fe 1  5295.312  4.415 -1.690  -1.546
 Fe 1  5298.776  3.642 -2.016  -1.926
 Fe 1  5302.302  3.283 -0.720  -0.817
 Fe 1  5339.929  3.266 -0.647  -0.731
 Fe 1  5349.738  4.386 -2.060   0.125
 Fe 1  5358.112  3.301 -3.510  -3.266
 Fe 1  5361.625  4.415 -1.430  -1.292
 Fe 1  5364.871  4.445  0.228   0.113
 Fe 1  5365.399  3.573 -1.020  -1.093
 Fe 1  5367.467  4.415  0.443   0.221
 Fe 1  5369.962  4.371  0.536   0.343
 Fe 1  5373.709  4.473 -0.860  -0.756
 Fe 1  5376.833  4.294 -2.310  -1.968
 Fe 1  5379.574  3.694 -1.514  -1.459
 Fe 1  5383.369  4.312  0.645   0.431
 Fe 1  5386.334  4.154 -1.770  -1.721
 Fe 1  5387.480  4.143 -2.034  -2.011
 Fe 1  5389.479  4.415 -0.410  -0.487
 Fe 1  5393.168  3.241 -0.715  -0.820
 Fe 1  5395.218  4.445 -2.170  -1.699
 Fe 1  5397.618  3.634 -2.480  -2.255
 Fe 1  5398.279  4.445 -0.670  -0.615
 Fe 1  5400.502  4.371 -0.160  -0.232
 Fe 1  5401.269  4.320 -1.920  -1.717
 Fe 1  5405.350  4.386 -1.390  -0.916
 Fe 1  5405.775  0.990 -1.844  -2.003
 Fe 1  5406.775  4.371 -1.720  -1.395
 Fe 1  5409.134  4.371 -1.300  -1.046
 Fe 1  5410.910  4.473  0.398   0.153
 Fe 1  5415.199  4.386  0.642   0.416
 Fe 1  5421.850  4.549 -1.780  -1.772
 Fe 1  5434.524  1.011 -2.122  -2.279
 Fe 1  5436.296  4.386 -1.540  -1.323
 Fe 1  5441.339  4.312 -1.730  -1.558
 Fe 1  5445.042  4.386 -0.020  -0.025
 Fe 1  5460.877  3.071 -3.580  -3.487
 Fe 1  5461.550  4.445 -1.900  -1.568
 Fe 1  5463.276  4.434  0.110  -0.086
 Fe 1  5464.280  4.143 -1.402  -1.538
 Fe 1  5466.396  4.371 -0.630  -0.602
 Fe 1  5466.988  3.573 -2.233  -2.266
 Fe 1  5470.094  4.446 -1.810  -1.536
 Fe 1  5472.709  4.209 -1.495  -1.492
 Fe 1  5473.164  4.191 -2.140  -1.995
 Fe 1  5473.900  4.154 -0.760  -0.720
 Fe 1  5478.456  4.191 -1.850  -1.655
 Fe 1  5480.861  4.217 -1.260  -1.164
 Fe 1  5481.243  4.103 -1.243  -1.214
 Fe 1  5483.099  4.154 -1.407  -1.384
 Fe 1  5487.145  4.415 -1.530  -1.387
 Fe 1  5496.570  4.913 -1.730  -1.584
 Fe 1  5497.516  1.011 -2.849  -2.975
 Fe 1  5506.779  0.990 -2.797  -2.932
 Fe 1  5517.065  4.209 -2.370  -2.030
 Fe 1  5522.447  4.209 -1.550  -1.399
 Fe 1  5525.544  4.230 -1.084  -1.170
 Fe 1  5531.984  4.913  0.010  -0.155
 Fe 1  5538.517  4.218 -3.069  -1.647
 Fe 1  5539.280  3.642 -2.660  -2.543
 Fe 1  5543.936  4.217 -1.140  -1.018
 Fe 1  5546.506  4.371 -1.310  -1.077
 Fe 1  5546.992  4.217 -1.910  -1.856
 Fe 1  5549.953  3.694 -2.910  -2.838
 Fe 1  5552.694  4.955 -1.990  -1.761
 Fe 1  5554.895  4.548 -0.970   0.135
 Fe 1  5557.982  4.473 -1.280  -1.307
 Fe 1  5559.640  4.988 -1.830  -1.694
 Fe 1  5560.212  4.434 -1.190  -1.046
 Fe 1  5562.706  4.435 -0.659  -0.691
 Fe 1  5565.704  4.608 -0.285   0.040
 Fe 1  5567.391  2.608 -2.564  -2.780
 Fe 1  5569.618  3.417 -0.486  -0.653
 Fe 1  5572.842  3.396 -0.275  -0.351
 Fe 1  5576.089  3.430 -1.000  -0.945
 Fe 1  5577.030  5.033 -1.550  -1.435
 Fe 1  5584.765  3.573 -2.320  -2.051
 Fe 1  5586.756  3.368 -0.120  -0.198
 Fe 1  5587.574  4.143 -1.850  -1.527
 Fe 1  5600.224  4.260 -1.420  -1.371
 Fe 1  5607.664  4.154 -2.270  -2.176
 Fe 1  5608.972  4.209 -2.400  -2.260
 Fe 1  5611.360  3.635 -2.990  -2.907
 Fe 1  5618.633  4.209 -1.276  -1.243
 Fe 1  5619.595  4.386 -1.700  -1.397
 Fe 1  5620.027  4.143 -2.324  -2.456
 Fe 1  5624.022  4.386 -1.480  -1.032
 Fe 1  5624.542  3.417 -0.755  -0.802
 Fe 1  5633.947  4.991 -0.270  -0.116
 Fe 1  5635.823  4.256 -1.890  -1.554
 Fe 1  5636.696  3.640 -2.610  -2.457
 Fe 1  5638.262  4.220 -0.870  -0.736
 Fe 1  5641.434  4.256 -1.180  -1.027
 Fe 1  5646.684  4.260 -2.500  -2.385
 Fe 1  5649.987  5.099 -0.920  -0.738
 Fe 1  5651.469  4.473 -2.000  -1.762
 Fe 1  5652.318  4.260 -1.950  -1.753
 Fe 1  5653.867  4.386 -1.640  -1.333
 Fe 1  5661.346  4.284 -1.736  -1.819
 Fe 1  5662.516  4.178 -0.573  -0.339
 Fe 1  5677.685  4.103 -2.700  -2.597
 Fe 1  5678.379  3.883 -3.020  -3.034
 Fe 1  5679.023  4.652 -0.920  -0.701
 Fe 1  5680.240  4.186 -2.580  -2.283
 Fe 1  5691.497  4.301 -1.520  -1.376
 Fe 1  5696.090  4.548 -1.720  -1.859
 Fe 1  5698.020  3.640 -2.680  -2.630
 Fe 1  5701.545  2.559 -2.216  -2.171
 Fe 1  5705.465  4.301 -1.355  -1.419
 Fe 1  5709.378  3.368 -1.028  -1.144
 Fe 1  5712.132  3.417 -1.990  -2.022
 Fe 1  5717.833  4.284 -1.130  -0.946
 Fe 1  5724.455  4.284 -2.640  -2.489
 Fe 1  5731.762  4.256 -1.300  -1.077
 Fe 1  5732.296  4.991 -1.560  -1.364
 Fe 1  5738.228  4.220 -2.340  -2.344
 Fe 1  5741.848  4.256 -1.854  -1.610
 Fe 1  5742.960  4.178 -2.510  -2.286
 Fe 1  5752.023  4.549 -1.267  -0.767
 Fe 1  5753.123  4.260 -0.688  -0.724
 Fe 1  5759.544  4.301 -2.220  -2.201
 Fe 1  5760.345  3.642 -2.490  -2.448
 Fe 1  5762.413  3.642 -2.280  -2.276
 Fe 1  5762.992  4.209 -0.450  -0.361
 Fe 1  5775.081  4.220 -1.298  -1.044
 Fe 1  5778.453  4.154 -2.859  -2.984
 Fe 1  5780.600  3.241 -2.640  -2.476
 Fe 1  5784.658  3.396 -2.532  -2.564
 Fe 1  5793.915  4.220 -1.700  -1.624
 Fe 1  5798.171  3.928 -1.890  -1.747
 Fe 1  5805.757  5.033 -1.590  -1.480
 Fe 1  5806.725  4.607 -1.050  -0.841
 Fe 1  5807.784  3.292 -3.410  -3.329
 Fe 1  5811.914  4.143 -2.430  -2.384
 Fe 1  5814.807  4.283 -1.970  -1.823
 Fe 1  5826.638  4.283 -2.940  -2.855
 Fe 1  5827.877  3.283 -3.410  -3.195
 Fe 1  5835.101  4.256 -2.370  -2.128
 Fe 1  5837.701  4.294 -2.340  -2.262
 Fe 1  5838.372  3.943 -2.340  -2.245
 Fe 1  5845.287  5.033 -1.820  -1.771
 Fe 1  5848.123  4.608 -0.903  -1.145
 Fe 1  5849.684  3.694 -2.990  -2.987
 Fe 1  5852.219  4.548 -1.330  -1.212
 Fe 1  5853.148  1.485 -5.280  -5.129
 Fe 1  5855.077  4.608 -1.478  -1.517
 Fe 1  5856.088  4.294 -1.328  -1.533
 Fe 1  5859.578  4.549 -0.398  -0.403
 Fe 1  5861.110  4.283 -2.450  -2.361
 Fe 1  5862.353  4.549 -0.058  -0.104
 Fe 1  5883.817  3.960 -1.360  -1.111
 Fe 1  5905.672  4.652 -0.730  -0.721
 Fe 1  5916.247  2.453 -2.994  -2.939
 Fe 1  5927.789  4.652 -1.090  -1.087
 Fe 1  5929.677  4.548 -1.410  -1.156
 Fe 1  5930.180  4.652 -0.230  -0.233
 Fe 1  5933.800  4.638 -2.940   0.085
 Fe 1  5934.655  3.928 -1.170  -1.115
 Fe 1  5940.992  4.178 -2.340   0.078
 Fe 1  5952.718  3.984 -1.440  -1.323
 Fe 1  5956.694  0.859 -4.605  -4.574
 Fe 1  5969.562  4.283 -2.730  -2.655
 Fe 1  5976.775  3.943 -1.310  -1.066
 Fe 1  5983.673  4.549 -1.878  -0.512
 Fe 1  5984.814  4.733 -0.343   0.004
 Fe 1  5987.066  4.795 -0.556  -0.232
 Fe 1  6003.012  3.881 -1.120  -1.014
 Fe 1  6005.543  2.588 -3.192  -3.478
 Fe 1  6007.960  4.652 -0.966  -0.528
 Fe 1  6008.554  3.884 -1.078  -0.734
 Fe 1  6012.210  2.223 -4.038  -3.861
 Fe 1  6019.366  3.573 -3.360  -3.223
 Fe 1  6024.058  4.548 -0.120   0.019
 Fe 1  6027.051  4.076 -1.089  -1.013
 Fe 1  6034.035  4.312 -2.420  -2.326
 Fe 1  6035.338  4.294 -2.590  -2.624
 Fe 1  6054.074  4.371 -2.310  -2.161
 Fe 1  6056.005  4.733 -0.460  -0.397
 Fe 1  6062.848  2.176 -4.140  -3.989
 Fe 1  6065.482  2.608 -1.530  -1.576
 Fe 1  6078.491  4.795 -0.424  -0.069
 Fe 1  6079.009  4.652 -1.120  -0.980
 Fe 1  6082.711  2.223 -3.573  -3.601
 Fe 1  6085.259  2.758 -3.095  -2.943
 Fe 1  6093.644  4.607 -1.500  -1.315
 Fe 1  6094.374  4.652 -1.940  -1.572
 Fe 1  6096.665  3.984 -1.930  -1.793
 Fe 1  6098.245  4.558 -1.880  -1.738
 Fe 1  6100.290  4.559 -2.418  -2.252
 Fe 1  6102.173  4.835 -0.627  -0.063
 Fe 1  6105.131  4.548 -2.050  -1.913
 Fe 1  6120.249  0.915 -5.950  -5.953
 Fe 1  6127.907  4.143 -1.399  -1.347
 Fe 1  6136.615  2.453 -1.400  -1.487
 Fe 1  6136.995  2.198 -2.950  -2.983
 Fe 1  6137.692  2.588 -1.403  -1.430
 Fe 1  6151.618  2.176 -3.299  -3.327
 Fe 1  6157.728  4.076 -1.260  -1.119
 Fe 1  6159.378  4.607 -1.970  -1.874
 Fe 1  6165.360  4.143 -1.474  -1.434
 Fe 1  6170.507  4.795 -0.440  -0.334
 Fe 1  6173.336  2.223 -2.880  -2.877
 Fe 1  6180.204  2.727 -2.586  -2.640
 Fe 1  6187.398  2.832 -4.339  -4.168
 Fe 1  6187.990  3.943 -1.720  -1.669
 Fe 1  6191.558  2.433 -1.417  -1.597
 Fe 1  6200.313  2.608 -2.437  -2.390
 Fe 1  6213.430  2.223 -2.482  -2.577
 Fe 1  6219.281  2.198 -2.433  -2.468
 Fe 1  6220.784  3.881 -2.460  -2.315
 Fe 1  6226.736  3.883 -2.220  -2.070
 Fe 1  6229.228  2.845 -2.805  -2.944
 Fe 1  6230.723  2.559 -1.281  -1.337
 Fe 1  6232.641  3.654 -1.223  -1.098
 Fe 1  6240.646  2.223 -3.233  -3.312
 Fe 1  6246.319  3.602 -0.733  -0.838
 Fe 1  6252.555  2.404 -1.687  -1.752
 Fe 1  6265.134  2.176 -2.550  -2.561
 Fe 1  6270.225  2.858 -2.464  -2.589
 Fe 1  6271.279  3.332 -2.703  -2.749
 Fe 1  6330.850  4.733 -1.740  -1.148
 Fe 1  6335.331  2.198 -2.177  -2.326
 Fe 1  6336.824  3.686 -0.856  -0.892
 Fe 1  6338.877  4.795 -1.060  -0.845
 Fe 1  6351.270  4.312 -3.084  -2.790
 Fe 1  6380.743  4.186 -1.376  -1.228
 Fe 1  6385.718  4.733 -1.910  -1.817
 Fe 1  6392.539  2.279 -4.030  -3.992
 Fe 1  6393.601  2.433 -1.432  -1.597
 Fe 1  6400.001  3.602 -0.290  -0.384
 Fe 1  6400.318  0.915 -4.318  -4.469
 Fe 1  6411.649  3.654 -0.595  -0.665
 Fe 1  6419.950  4.733 -0.240  -0.263
 Fe 1  6421.351  2.279 -2.027  -2.144
 Fe 1  6430.846  2.176 -2.006  -2.088
 Fe 1  6436.407  4.186 -2.460  -2.355
 Fe 1  6464.661  0.958 -5.201  -5.471
 Fe 1  6475.624  2.559 -2.942  -2.597
 Fe 1  6481.870  2.279 -2.984  -2.940
 Fe 1  6494.980  2.404 -1.273  -1.352
 Fe 1  6498.939  0.958 -4.699  -4.699
 Fe 1  6518.367  2.831 -2.460  -2.526
 Fe 1  6533.929  4.558 -1.460  -1.123
 Fe 1  6592.914  2.727 -1.473  -1.580
 Fe 1  6593.870  2.433 -2.422  -2.360
 Fe 1  6597.561  4.795 -1.070  -0.922
 Fe 1  6608.026  2.279 -4.030  -4.005
 Fe 1  6609.110  2.559 -2.692  -2.638
 Fe 1  6625.022  1.011 -5.350  -5.386
 Fe 1  6627.545  4.548 -1.680  -1.482
 Fe 1  6633.750  4.558 -0.799  -0.686
 Fe 1  6646.932  2.608 -3.990  -3.978
 Fe 1  6653.853  4.154 -2.520  -2.419
 Fe 1  6677.987  2.692 -1.418  -1.442
 Fe 1  6692.265  4.076 -2.953  -3.091
 Fe 1  6699.142  4.593 -2.101  -2.087
 Fe 1  6703.567  2.758 -3.160  -3.046
 Fe 1  6704.481  4.217 -2.660  -2.577
 Fe 1  6705.101  4.607 -1.496  -1.034
 Fe 1  6713.745  4.795 -1.600  -1.415
 Fe 1  6715.383  4.607 -1.640  -1.432
 Fe 1  6716.237  4.580 -1.920  -1.886
 Fe 1  6725.357  4.103 -2.300  -2.181
 Fe 1  6726.661  4.607 -0.829  -0.954
 Fe 1  6732.065  4.584 -2.210  -2.161
 Fe 1  6733.151  4.638 -1.580  -1.427
 Fe 1  6737.987  4.558 -1.750  -1.603
 Fe 1  6739.522  1.557 -4.794  -5.372
 Fe 1  6745.101  4.580 -2.160  -2.085
 Fe 1  6745.957  4.076 -2.770  -2.618
 Fe 1  6746.955  2.608 -4.350  -4.301
 Fe 1  6750.153  2.424 -2.621  -2.613
 Fe 1  6752.707  4.638 -1.204  -1.193
 Fe 1  6761.070  4.584 -2.530  -3.214
 Fe 1  6786.860  4.191 -2.070  -1.892
 Fe 1  6793.259  4.076 -2.326  -2.365
 Fe 1  6804.001  4.652 -1.496  -1.527
 Fe 1  6806.845  2.727 -3.210  -3.141
 Fe 1  6810.263  4.607 -0.986  -0.972
 Fe 1  6820.372  4.638 -1.320  -1.125
 Fe 1  6828.591  4.638 -0.920  -0.817
 Fe 1  6837.006  4.593 -1.687  -1.685
 Fe 1  6839.831  2.559 -3.450  -3.377
 Fe 1  6841.339  4.607 -0.750  -0.623
 Fe 1  6842.686  4.638 -1.320  -1.148
 Fe 1  6843.656  4.548 -0.930  -0.813
 Fe 1  6855.162  4.558 -0.742  -0.476
 Fe 1  6857.250  4.076 -2.150  -2.075
 Fe 1  6858.150  4.607 -0.930  -0.936
 Fe 1  6861.942  2.424 -3.890  -3.828
 Fe 1  6862.480  4.559 -1.570  -1.425
 Fe 1  6864.313  4.559 -2.320  -2.231
 Fe 2  4491.405  2.856 -2.700  -2.516
 Fe 2  4508.288  2.856 -2.250  -2.329
 Fe 2  4515.339  2.844 -2.450  -2.484
 Fe 2  4520.224  2.807 -2.600  -2.466
 Fe 2  4534.168  2.856 -3.330  -3.298
 Fe 2  4541.524  2.856 -2.790  -2.966
 Fe 2  4555.893  2.828 -2.160  -2.369
 Fe 2  4583.837  2.807 -1.860  -1.943
 Fe 2  4620.521  2.828 -3.240  -3.176
 Fe 2  4923.927  2.891 -1.320  -1.357
 Fe 2  4993.358  2.807 -3.640  -3.641
 Fe 2  5100.664  2.807 -1.303  -0.013
 Fe 2  5197.577  3.230 -2.100  -2.165
 Fe 2  5234.625  3.221 -2.230  -2.137
 Fe 2  5256.938  2.891 -4.250  -4.052
 Fe 2  5264.812  3.230 -3.120  -2.966
 Fe 2  5276.002  3.199 -1.940  -1.463
 Fe 2  5284.109  2.891 -2.990  -2.896
 Fe 2  5414.073  3.221 -3.540  -3.461
 Fe 2  5425.257  3.199 -3.160  -3.125
 Fe 2  5427.826  6.724 -1.664  -1.393
 Fe 2  5525.125  3.267 -3.950  -3.975
 Fe 2  5534.847  3.245 -2.730  -2.785
 Fe 2  5591.368  3.267 -0.274   0.050
 Fe 2  5991.376  3.153 -3.540  -3.470
 Fe 2  6084.111  3.199 -3.780  -3.739
 Fe 2  6149.258  3.889 -2.720  -2.650
 Fe 2  6150.098  3.221 -4.030   0.038
 Fe 2  6238.392  3.889 -2.630  -2.816
 Fe 2  6239.366  2.807 -4.538  -4.795
 Fe 2  6247.557  3.892 -2.310  -2.224
 Fe 2  6248.898  5.511 -2.696  -2.473
 Fe 2  6369.462  2.891 -4.160  -4.087
 Fe 2  6383.722  5.553 -2.070  -2.080
 Fe 2  6416.919  3.892 -2.650  -2.916
 Fe 2  6432.680  2.891 -3.520  -3.475
 Fe 2  6456.383  3.903 -2.100  -1.965
 Fe 2  6516.080  2.891 -3.320  -3.169
 Fe 2  7135.024  6.209 -2.598  -2.409
 Fe 2  7310.216  3.889 -1.060   0.020
 Fe 2  7449.335  3.889 -3.090  -3.130
 Fe 2  7479.693  3.892 -3.680  -3.578
 Fe 2  7515.091  5.823 -2.362  -2.350
 Fe 2  7515.831  3.903 -3.460  -3.395
 Fe 2  7533.367  3.903 -3.992  -3.243
 Fe 2  7711.723  3.903 -2.500  -2.445
 Fe 2  7777.107  3.199 -0.930  -0.555
 Fe 2  8250.343  5.222 -3.294  -2.925
 Fe 2  8330.587  6.219 -1.048  -0.147
 K  1  6938.763  1.617 -1.110  -1.121
 La 2  4748.726  0.927 -0.757  -0.654
 Li 1  6707.761  0.000 -0.428  -0.556
 Mg 1  4571.096  0.000 -5.691  -5.946
 Mg 1  5528.405  4.346 -0.620  -0.665
 Mg 1  5711.088  4.346 -1.833  -1.619
 Mg 1  7759.298  5.933 -0.420  -1.051
 Mg 1  8159.131  5.933 -2.220  -1.881
 Mg 1  8473.693  5.933 -2.020  -1.972
 Mg 2  7877.054  9.996  0.390   0.633
 Mg 2  7896.366  9.999  0.650   0.984
 Mn 1  4451.586  2.888 -1.970   0.147
 Mn 1  4470.144  2.941 -0.715  -0.211
 Mn 1  4709.712  2.888 -0.340  -0.286
 Mn 1  4754.042  2.282 -0.086   0.267
 Mn 1  4761.512  2.953 -0.138  -0.035
 Mn 1  4762.367  2.888  0.425   0.581
 Mn 1  4766.418  2.920  0.100   0.281
 Mn 1  4783.427  2.298  0.042   0.367
 Mn 1  4823.524  2.319  0.144   0.411
 Mn 1  5117.934  3.134 -1.140  -1.094
 Mn 1  5399.499  3.853 -0.287  -0.121
 Mn 1  5420.355  2.143 -1.462  -0.892
 Mn 1  5432.546  0.000 -3.795  -3.774
 Mn 1  5457.460  2.164 -2.614  -2.679
 Mn 1  5470.637  2.164 -1.702  -1.430
 Mn 1  5516.774  2.178 -1.847  -1.684
 Mn 1  5537.760  2.187 -2.017  -1.937
 Mn 1  6013.513  3.072 -0.251   0.084
 Mn 1  6021.819  3.075  0.034   0.258
 Mn 1  6265.612  4.233 -1.317  -1.011
 Mn 1  6440.971  3.772 -1.238  -1.347
 N  1  7442.300 10.330 -0.384  -0.030
 N  1  7468.313 10.336 -0.189   0.137
 N  1  8629.240 10.690  0.075   0.670
 N  1  8683.405 10.330  0.086   0.527
 N  1  8711.707 10.330 -0.234   0.139
 Na 1  4497.657  2.104 -2.520  -2.590
 Na 1  5682.633  2.102 -0.700  -0.578
 Na 1  5688.205  2.104 -0.450  -0.373
 Na 1  6154.226  2.102 -1.560  -1.445
 Na 1  6160.747  2.104 -1.260  -1.114
 Nd 2  4446.384  0.205 -2.290  -0.005
 Nd 2  4706.543  0.000 -0.775  -0.287
 Nd 2  4811.342  0.064 -1.015  -0.873
 Nd 2  4989.950  0.631 -0.624  -0.511
 Nd 2  6740.078  0.064 -1.526  -1.850
 Ni 1  4470.472  3.399 -0.650  -0.158
 Ni 1  4512.986  3.706 -1.470  -1.437
 Ni 1  4519.979  1.676 -2.880  -2.979
 Ni 1  4546.920  4.165 -0.271  -0.221
 Ni 1  4551.217  4.167 -0.880  -0.809
 Ni 1  4600.355  3.597 -0.610  -0.596
 Ni 1  4701.346  3.480 -1.220  -1.151
 Ni 1  4701.530  4.088 -0.390  -0.350
 Ni 1  4715.757  3.543 -0.320  -0.526
 Ni 1  4732.456  4.105 -0.550  -0.581
 Ni 1  4754.756  3.635 -0.970  -0.773
 Ni 1  4756.510  3.480 -0.270  -0.266
 Ni 1  4793.423  3.706 -2.190  -2.190
 Ni 1  4806.984  3.679 -0.640  -0.601
 Ni 1  4811.979  3.658 -1.480  -1.460
 Ni 1  4815.927  3.542 -1.790  -1.791
 Ni 1  4829.016  3.542 -0.330  -0.328
 Ni 1  4831.169  3.606 -0.320  -0.324
 Ni 1  4904.407  3.542 -0.170  -0.238
 Ni 1  4912.020  3.768 -0.800  -0.688
 Ni 1  4913.968  3.743 -0.630  -0.589
 Ni 1  4918.362  3.841 -0.240  -0.055
 Ni 1  4925.559  3.655 -0.770  -0.812
 Ni 1  4935.831  3.941 -0.350  -0.317
 Ni 1  4945.443  3.796 -0.820  -0.762
 Ni 1  4946.029  3.796 -1.290  -1.228
 Ni 1  4953.200  3.740 -0.580  -0.802
 Ni 1  4976.130  3.606 -1.250  -1.342
 Ni 1  4984.112  3.796  0.226   0.312
 Ni 1  4996.841  3.635 -0.980  -0.773
 Ni 1  4998.218  3.606 -0.690  -0.908
 Ni 1  5000.338  3.635 -0.430  -0.179
 Ni 1  5003.734  1.676 -2.800  -3.034
 Ni 1  5010.934  3.635 -0.870  -0.886
 Ni 1  5017.568  3.539 -0.020  -0.081
 Ni 1  5032.723  3.898 -1.270  -1.200
 Ni 1  5035.357  3.635  0.290   0.004
 Ni 1  5042.182  3.658 -0.580  -0.592
 Ni 1  5048.843  3.847 -0.380  -0.544
 Ni 1  5081.107  3.847  0.300   0.153
 Ni 1  5082.339  3.658 -0.540  -0.497
 Ni 1  5084.089  3.679  0.030  -0.078
 Ni 1  5088.532  3.847 -0.980  -0.981
 Ni 1  5088.953  3.679 -1.340  -1.286
 Ni 1  5094.406  3.833 -1.080  -1.093
 Ni 1  5099.927  3.679 -0.100  -0.066
 Ni 1  5115.389  3.834 -0.110  -0.116
 Ni 1  5137.070  1.676 -1.990  -1.746
 Ni 1  5155.125  3.898 -0.650  -0.624
 Ni 1  5155.762  3.898  0.011  -0.042
 Ni 1  5157.976  3.606 -1.510  -1.596
 Ni 1  5176.559  3.898 -0.440  -0.371
 Ni 1  5197.157  3.898 -1.190  -1.325
 Ni 1  5388.341  1.935 -3.560  -3.500
 Ni 1  5392.327  4.154 -1.320  -1.275
 Ni 1  5424.642  1.951 -2.770  -2.723
 Ni 1  5435.855  1.986 -2.590  -2.454
 Ni 1  5452.860  3.796 -1.660  -1.675
 Ni 1  5462.485  3.847 -0.930  -0.814
 Ni 1  5468.100  3.847 -1.610  -1.610
 Ni 1  5578.711  1.676 -2.640  -2.701
 Ni 1  5587.853  1.935 -2.140  -2.349
 Ni 1  5589.357  3.898 -1.140  -1.120
 Ni 1  5592.140  4.236 -0.512  -0.515
 Ni 1  5593.733  3.898 -0.840  -0.783
 Ni 1  5614.768  4.154 -0.508  -0.415
 Ni 1  5625.312  4.089 -0.700  -0.630
 Ni 1  5628.335  4.089 -0.941  -1.236
 Ni 1  5638.745  3.898 -0.879  -0.116
 Ni 1  5641.880  4.105 -1.070  -0.994
 Ni 1  5643.072  4.165 -1.240  -1.251
 Ni 1  5663.975  4.538 -0.430  -0.395
 Ni 1  5682.198  4.105 -0.470  -0.429
 Ni 1  5694.977  4.089 -0.610  -0.623
 Ni 1  5715.066  4.088 -0.352  -0.173
 Ni 1  5748.346  1.676 -3.260  -3.297
 Ni 1  5754.655  1.935 -2.330  -2.005
 Ni 1  5760.828  4.105 -0.800  -0.805
 Ni 1  5796.078  1.951 -3.942  -3.685
 Ni 1  5805.213  4.167 -0.640  -0.604
 Ni 1  5831.593  4.167 -1.079  -0.974
 Ni 1  5846.986  1.676 -3.210  -3.517
 Ni 1  5906.494  4.167 -1.875  -1.783
 Ni 1  5996.727  4.236 -1.060  -1.040
 Ni 1  6007.306  1.676 -3.330  -3.398
 Ni 1  6025.751  4.236 -1.760  -1.761
 Ni 1  6053.679  4.236 -1.070  -1.003
 Ni 1  6086.276  4.266 -0.530  -0.457
 Ni 1  6108.107  1.676 -2.450  -2.544
 Ni 1  6111.066  4.088 -0.870  -0.826
 Ni 1  6128.963  1.676 -3.330  -3.436
 Ni 1  6130.130  4.266 -0.960  -0.959
 Ni 1  6133.963  4.088 -1.830  -1.806
 Ni 1  6175.360  4.089 -0.559  -0.516
 Ni 1  6176.807  4.088 -0.260  -0.263
 Ni 1  6177.236  1.826 -3.500  -3.565
 Ni 1  6186.709  4.105 -0.960  -0.915
 Ni 1  6191.171  1.676 -2.353  -2.399
 Ni 1  6204.600  4.088 -1.100  -1.098
 Ni 1  6223.981  4.105 -0.910  -0.945
 Ni 1  6230.090  4.105 -1.260  -1.121
 Ni 1  6259.592  4.089 -1.400  -1.251
 Ni 1  6366.476  4.167 -1.064  -0.914
 Ni 1  6370.341  3.542 -1.940  -1.952
 Ni 1  6378.247  4.154 -0.830  -0.829
 Ni 1  6414.581  4.154 -1.180  -1.204
 Ni 1  6424.847  4.167 -1.584  -1.369
 Ni 1  6482.796  1.935 -2.630  -2.841
 Ni 1  6532.871  1.935 -3.390  -3.416
 Ni 1  6586.308  1.951 -2.810  -2.732
 Ni 1  6592.504  4.236 -1.245  -1.017
 Ni 1  6598.593  4.236 -0.980  -0.910
 Ni 1  6635.118  4.419 -0.820  -0.739
 Ni 1  6643.629  1.676 -2.300  -2.004
 Ni 1  6767.768  1.826 -2.170  -2.128
 Ni 1  6772.313  3.658 -0.980  -0.977
 Ni 1  6842.035  3.658 -1.480  -1.445
 O  1  5577.339  1.967 -8.204  -7.726
 O  1  6156.776 10.741 -0.694  -0.109
 O  1  6158.186 10.741 -0.409  -0.113
 O  1  6300.304  0.000 -9.819 -10.268
 O  1  7002.229 10.989 -1.855  -0.165
 O  1  7771.941  9.146  0.369   0.820
 O  1  7774.161  9.146  0.223   0.642
 O  1  7775.390  9.146  0.001   0.357
 S  1  4694.113  6.525 -1.770  -1.455
 S  1  4695.443  6.525 -1.920  -1.722
 S  1  6046.027  7.868 -2.420   0.094
 S  1  6052.674  7.870 -0.740  -0.514
 S  1  6757.171  7.870 -0.310  -0.221
 S  1  8693.931  7.870 -0.510  -0.265
 S  1  8694.626  7.870  0.080   0.229
 Sc 1  5484.626  1.851  0.148   0.059
 Sc 1  5520.497  1.865  0.293   0.418
 Sc 2  4431.352  0.605 -0.420  -0.147
 Sc 2  5239.813  1.455 -0.765  -0.650
 Sc 2  5526.790  1.768  0.024   0.117
 Sc 2  5641.001  1.500 -1.131  -1.005
 Sc 2  5667.149  1.500 -1.309  -1.126
 Sc 2  5669.042  1.500 -1.200  -1.051
 Sc 2  5684.202  1.507 -1.074  -0.991
 Sc 2  6245.637  1.507 -1.030  -1.084
 Sc 2  6604.601  1.357 -1.309  -1.265
 Si 1  4947.607  5.082 -1.820  -2.219
 Si 1  5260.658  5.616 -0.920  -2.066
 Si 1  5493.876  5.616 -3.340   0.037
 Si 1  5517.533  5.082 -2.384  -2.453
 Si 1  5621.608  5.082 -1.290   0.253
 Si 1  5645.613  4.930 -2.140  -1.992
 Si 1  5665.555  4.920 -1.514   0.055
 Si 1  5666.677  5.616 -1.050  -1.571
 Si 1  5684.484  4.954 -1.650  -1.530
 Si 1  5690.425  4.930 -1.870  -1.723
 Si 1  5701.104  4.930 -2.050  -1.953
 Si 1  5708.400  4.954 -1.470  -1.335
 Si 1  5753.623  5.616 -0.830  -1.253
 Si 1  5772.146  5.082 -1.750  -1.579
 Si 1  5793.073  4.930 -2.060  -1.912
 Si 1  5797.856  4.954 -2.050  -1.894
 Si 1  5873.764  4.930 -2.610  -2.900
 Si 1  5948.541  5.082 -1.230  -1.023
 Si 1  6029.869  5.984 -0.420  -1.471
 Si 1  6087.805  5.871 -1.600  -1.625
 Si 1  6091.919  5.871 -1.400  -1.261
 Si 1  6106.608  5.614 -4.339   0.171
 Si 1  6125.021  5.614 -0.930  -1.485
 Si 1  6131.852  5.616 -1.140  -1.626
 Si 1  6138.515  5.984 -1.350  -1.293
 Si 1  6142.483  5.619 -0.920  -1.410
 Si 1  6145.016  5.616 -0.820  -1.348
 Si 1  6155.134  5.619 -0.400  -0.657
 Si 1  6195.433  5.871 -1.800  -1.601
 Si 1  6237.319  5.614 -0.530  -0.980
 Si 1  6243.815  5.616 -0.770  -1.187
 Si 1  6244.466  5.616 -0.690  -1.231
 Si 1  6331.956  5.082 -2.000  -2.475
 Si 1  6414.980  5.871 -1.100  -0.985
 Si 1  6433.457  5.964 -1.790  -1.546
 Si 1  6518.733  5.954 -1.500  -1.363
 Si 1  6526.630  5.871 -1.400  -1.427
 Si 1  6527.202  5.871 -1.500  -1.140
 Si 1  6635.687  5.863 -1.630  -1.794
 Si 1  6721.848  5.863 -1.490  -1.041
 Si 1  6741.628  5.984 -1.750  -1.554
 Si 1  6800.596  5.964 -1.640  -1.642
 Si 2  6347.109  8.121  0.297   0.533
 Sr 1  4607.327  0.000 -0.570   0.032
 Ti 1  4465.805  1.739 -1.020  -0.145
 Ti 1  4512.734  0.836 -0.480  -0.449
 Ti 1  4518.022  0.826 -0.325  -0.316
 Ti 1  4534.776  0.836  0.280   0.265
 Ti 1  4548.763  0.826 -0.354  -0.389
 Ti 1  4555.484  0.848 -0.488  -0.572
 Ti 1  4562.628  0.021 -2.656  -2.696
 Ti 1  4623.097  1.739  0.110   0.177
 Ti 1  4639.939  1.734 -0.192  -0.182
 Ti 1  4656.469  0.000 -1.345  -1.073
 Ti 1  4722.606  1.053 -1.330  -1.487
 Ti 1  4758.118  2.249  0.425   0.358
 Ti 1  4759.270  2.256  0.514   0.389
 Ti 1  4778.255  2.236 -0.220  -0.557
 Ti 1  4805.415  2.345  0.150   0.199
 Ti 1  4820.411  1.502 -0.441  -0.511
 Ti 1  4840.874  0.900 -0.509  -0.471
 Ti 1  4928.336  2.154  0.050  -0.146
 Ti 1  4981.731  0.848  0.504   0.439
 Ti 1  4991.065  0.836  0.380   0.235
 Ti 1  4997.096  0.000 -2.118  -2.177
 Ti 1  5016.161  0.848 -0.574  -0.475
 Ti 1  5020.026  0.836 -0.414  -0.314
 Ti 1  5024.844  0.818 -0.602  -0.553
 Ti 1  5025.570  2.041  0.025   0.400
 Ti 1  5039.957  0.021 -1.130  -1.126
 Ti 1  5062.103  2.160 -0.464  -0.461
 Ti 1  5064.060  2.695 -0.484  -0.390
 Ti 1  5071.467  1.460 -1.063  -0.761
 Ti 1  5087.058  1.430 -0.780  -0.933
 Ti 1  5145.460  1.460 -0.574  -0.608
 Ti 1  5192.969  0.021 -1.006  -0.965
 Ti 1  5194.037  2.103 -0.560  -0.573
 Ti 1  5210.385  0.048 -0.884  -0.805
 Ti 1  5219.702  0.021 -2.292  -2.297
 Ti 1  5224.544  2.103 -0.521  -0.257
 Ti 1  5238.588  0.848 -1.850  -1.934
 Ti 1  5288.794  2.427 -1.077  -0.882
 Ti 1  5295.775  1.067 -1.633  -1.632
 Ti 1  5300.011  1.053 -1.908   0.300
 Ti 1  5426.250  0.021 -3.006  -3.004
 Ti 1  5460.499  0.048 -2.804  -2.803
 Ti 1  5471.193  1.443 -1.400  -1.541
 Ti 1  5481.860  1.430 -1.840   0.108
 Ti 1  5490.148  1.460 -0.933  -0.968
 Ti 1  5503.895  2.578  0.020  -0.105
 Ti 1  5514.534  1.443 -0.413  -0.498
 Ti 1  5648.565  2.495 -0.260  -0.353
 Ti 1  5662.151  2.318 -0.109  -0.116
 Ti 1  5689.461  2.297 -0.469  -0.400
 Ti 1  5702.656  2.292 -0.827  -0.687
 Ti 1  5713.880  2.289 -1.127  -0.975
 Ti 1  5716.445  2.297 -0.700  -0.774
 Ti 1  5720.436  2.292 -2.849  -0.126
 Ti 1  5739.469  2.249 -0.600  -0.716
 Ti 1  5766.359  3.294  0.389   0.355
 Ti 1  5866.451  1.067 -0.840  -0.895
 Ti 1  5903.315  1.067 -2.145  -2.091
 Ti 1  5918.535  1.067 -1.590   0.110
 Ti 1  5922.109  1.046 -1.466  -1.459
 Ti 1  5937.809  1.067 -1.890  -1.915
 Ti 1  5965.828  1.879 -0.409  -0.399
 Ti 1  5978.541  1.873 -0.496  -0.541
 Ti 1  5999.658  2.236 -1.479  -0.685
 Ti 1  6064.626  1.046 -1.944  -1.908
 Ti 1  6091.171  2.267 -0.423  -0.412
 Ti 1  6092.792  1.887 -1.379  -1.386
 Ti 1  6126.216  1.067 -1.425  -1.414
 Ti 1  6146.206  1.873 -1.151  -1.568
 Ti 1  6258.102  1.443 -0.355  -0.419
 Ti 1  6258.706  1.460 -0.240  -0.353
 Ti 1  6261.098  1.430 -0.479  -0.505
 Ti 1  6599.105  0.900 -2.085  -2.063
 Ti 1  6743.122  0.900 -1.630  -1.707
 Ti 1  6861.448  2.267 -0.740  -0.820
 Ti 2  4411.925  1.224 -2.730   0.254
 Ti 2  4443.794  1.080  0.070   0.133
 Ti 2  4444.558  1.116 -1.190  -0.117
 Ti 2  4464.450  1.161  0.010  -0.303
 Ti 2  4468.507  1.131 -0.740  -0.112
 Ti 2  4488.331  3.124 -0.363  -0.147
 Ti 2  4493.513  1.080 -2.830  -2.804
 Ti 2  4524.687  1.231 -2.110  -2.856
 Ti 2  4544.028  1.243 -2.530  -2.574
 Ti 2  4545.133  1.131 -2.460  -2.320
 Ti 2  4563.761  1.221 -0.790  -0.497
 Ti 2  4568.314  1.224 -3.030  -2.735
 Ti 2  4583.409  1.165 -2.870  -2.724
 Ti 2  4589.958  1.237 -1.620  -1.397
 Ti 2  4636.320  1.165 -3.230  -2.992
 Ti 2  4657.206  1.243 -2.320  -2.175
 Ti 2  4763.881  1.221 -2.360  -2.124
 Ti 2  4779.985  2.048 -1.260  -1.185
 Ti 2  4798.521  1.080 -2.670  -2.545
 Ti 2  4911.193  3.124 -0.650  -0.355
 Ti 2  5005.157  1.566 -2.730  -2.476
 Ti 2  5069.090  3.124 -1.540  -1.666
 Ti 2  5129.152  1.892 -1.300  -0.900
 Ti 2  5211.536  2.590 -1.356  -1.360
 Ti 2  5226.543  1.566 -0.340   0.149
 Ti 2  5381.015  1.566 -1.970  -1.823
 Ti 2  5396.558  2.598 -1.147   0.103
 Ti 2  5418.751  1.582 -2.110  -2.004
 Ti 2  5490.690  1.566 -2.650  -2.677
 Ti 2  6491.561  2.061 -1.793  -1.914
 Ti 2  6680.133  3.095 -1.855  -2.020
 V  1  4577.174  0.000 -1.048  -1.195
 V  1  5627.633  1.081 -0.363  -0.510
 V  1  5646.108  1.051 -1.190  -1.307
 V  1  5657.435  1.064 -1.020  -1.165
 V  1  5668.361  1.081 -1.030  -1.105
 V  1  5670.853  1.081 -0.420  -0.567
 V  1  5703.575  1.051 -0.211  -0.429
 V  1  5725.641  2.365  0.010  -0.293
 V  1  5727.048  1.081 -0.012  -0.098
 V  1  5727.652  1.051 -0.870  -1.005
 V  1  5737.059  1.064 -0.740  -0.852
 V  1  6039.722  1.064 -0.650  -0.808
 V  1  6081.441  1.051 -0.579  -0.802
 V  1  6090.214  1.081 -0.062  -0.272
 V  1  6111.645  1.043 -0.715  -0.926
 V  1  6119.523  1.064 -0.320  -0.548
 V  1  6135.361  1.051 -0.746  -0.896
 V  1  6150.157  0.301 -1.780  -1.806
 V  1  6199.197  0.287 -1.300  -1.641
 V  1  6224.529  0.287 -2.010  -2.004
 V  1  6243.105  0.301 -0.980  -1.131
 V  1  6266.307  0.275 -2.290  -2.295
 V  1  6274.649  0.267 -1.670  -1.818
 V  1  6531.415  1.218 -0.840  -1.005
 Y  2  4883.684  1.084  0.070   0.203
 Y  2  4900.120  1.033 -0.090  -0.026
 Y  2  5087.416  1.084 -0.170  -0.197
 Y  2  5119.112  0.992  0.019  -0.127
 Y  2  5200.406  0.992 -0.570  -0.818
 Y  2  5289.815  1.033 -1.850  -1.886
 Y  2  5402.774  1.839 -0.510  -0.524
 Y  2  5544.611  1.738 -1.090  -0.910
 Y  2  5546.009  1.748 -1.100  -0.945
 Y  2  5728.890  1.839 -1.120  -1.083
 Y  2  6795.414  1.738 -1.190  -1.191
 Zn 1  4722.153  4.030 -0.338  -0.397
 Zn 1  4810.528  4.078 -0.137  -0.083
 Zr 1  4739.480  0.651  0.230  -0.338
