    1       8.0000 6300.304   0.000   -9.820      0.0   RC03 
    2      11.0000 5682.633   2.100   -0.830      0.0   RC03 
    3      11.0000 5688.193   2.100   -0.600      0.0   RC03 
    4      11.0000 6154.225   2.100   -1.590      0.0   RC03 
    5      11.0000 6160.747   2.100   -1.250      0.0   RC03 
    6      12.0000 5528.405   4.340   -0.480      0.0   RC03 
    7      12.0000 4571.100   0.000   -5.580    120.1   Iv06 
    8      12.0000 5711.090   4.340   -1.700     37.0   Iv06 
    9      14.0000 5665.554   4.920   -2.010      0.0   RC03 
   10      14.0000 5690.430   4.930   -1.740      9.4   Iv06 
   11      14.0000 5701.105   4.930   -2.030      0.0   RC03 
   12      14.0000 5772.145   5.080   -1.690      0.0   RC03 
   13      14.0000 5793.071   4.930   -1.930      0.0   RC03 
   14      14.0000 5948.540   5.080   -1.170      0.0   RC03 
   15      14.0000 6142.490   5.620   -1.500      5.1   Iv06 
   16      14.0000 6145.020   5.610   -1.370      4.0   Iv06 
   17      14.0000 6145.015   5.610   -1.440      0.0   RC03 
   18      14.0000 6155.134   5.620   -0.780      0.0   RC03 
   19      14.0000 6237.320   5.620   -1.060      0.0   RC03 
   20      14.0000 6721.840   5.860   -1.130      0.0   RC03 
   21      20.0000 5349.470   2.710   -0.540     39.6   Iv06 
   22      20.0000 5512.989   2.930   -0.530      0.0   RC03 
   23      20.0000 5581.965   2.520   -0.680      0.0   RC03 
   24      20.0000 5590.120   2.510   -0.690     40.8   Iv06 
   25      20.0000 5594.462   2.520   -0.150      0.0   RC03 
   26      20.0000 5601.277   2.520   -0.340      0.0   RC03 
   27      20.0000 6156.023   2.520   -2.450      0.0   RC03 
   28      20.0000 6166.439   2.520   -1.220      0.0   RC03 
   29      20.0000 6169.040   2.520   -0.990     34.8   Iv06 
   30      20.0000 6493.790   2.520   -0.290     73.2   Iv06 
   31      20.0000 6471.660   2.510   -0.780     42.2   Iv06 
   32      20.0000 6499.650   2.520   -0.860     33.5   Iv06 
   33      20.0000 6508.850   2.520   -2.430      0.0   RC03 
   34      20.0000 6717.690   2.710   -0.580     41.5   Iv06 
   35      21.1000 5031.020   1.360   -0.370     70.2   Iv06 
   36      21.1000 5239.820   1.450   -0.640     48.8   Iv06 
   37      21.1000 5526.791   1.768    0.110      0.0   RC03 
   38      21.1000 5640.990   1.500   -0.860     33.2   Iv06 
   39      21.1000 5657.901   1.507   -0.340      0.0   RC03 
   40      21.1000 5669.038   1.500   -1.010      0.0   RC03 
   41      21.1000 5684.204   1.507   -0.960      0.0   RC03 
   42      21.1000 6245.640   1.507   -1.050      0.0   RC03 
   43      21.1000 6604.599   1.357   -1.200      0.0   RC03 
   44      22.0000 4991.050   0.830    0.190    102.6   Iv06 
   45      22.0000 5064.650   0.050   -0.940     79.8   Iv06 
   46      22.0000 5210.390   0.050   -0.960     88.7   Iv06 
   47      22.0000 5426.258   0.020   -3.050      0.0   RC03 
   48      22.0000 5471.197   1.440   -1.570      0.0   RC03 
   49      22.0000 5490.150   1.460   -0.970      0.0   RC03 
   50      22.0000 5648.567   2.490   -0.390      0.0   RC03 
   51      22.0000 5662.160   2.320   -0.150      0.0   RC03 
   52      22.0000 5679.937   2.470   -0.630      0.0   RC03 
   53      22.0000 5866.452   1.070   -0.860      0.0   RC03 
   54      22.0000 5922.110   1.050   -1.480      0.0   RC03 
   55      22.0000 5937.811   1.070   -1.950      0.0   RC03 
   56      22.0000 5941.752   1.050   -1.510      0.0   RC03 
   57      22.0000 5953.162   1.890   -0.320      0.0   RC03 
   58      22.0000 5978.543   1.870   -0.590      0.0   RC03 
   59      22.0000 6064.629   1.050   -1.940      0.0   RC03 
   60      22.0000 6064.630   1.050   -1.940      3.5   Iv06 
   61      22.0000 6091.174   2.270   -0.470      0.0   RC03 
   62      22.0000 6126.217   1.070   -1.440      0.0   RC03 
   63      22.0000 6258.104   1.440   -0.455      0.0   RC03 
   64      22.0000 6261.101   1.430   -0.459      0.0   RC03 
   65      22.0000 6303.757   1.440   -1.610      0.0   RC03 
   66      22.0000 6312.220   1.460   -1.620      0.0   RC03 
   67      22.1000 4444.560   1.120   -2.290     81.7   Iv06 
   68      22.1000 4450.490   1.080   -1.640    111.3   Iv06 
   69      22.1000 5418.770   1.580   -2.170     55.0   Iv06 
   70      22.1000 5381.020   1.570   -1.910     67.4   Iv06 
   71      22.1000 6606.970   2.060   -2.820      8.0   Iv06 
   72      23.0000 5670.854   1.081   -0.480      0.0   RC03 
   73      23.0000 5703.574   1.051   -0.220      0.0   RC03 
   74      23.0000 6039.730   1.060   -0.760      3.7   Iv06 
   75      23.0000 6081.442   1.051   -0.970      0.0   RC03 
   76      23.0000 6081.430   1.050   -0.730      4.7   Iv06 
   77      23.0000 6090.218   1.081   -0.180      0.0   RC03 
   78      23.0000 6119.500   1.060   -0.470      5.5   Iv06 
   79      23.0000 6199.203   0.287   -1.490      0.0   RC03 
   80      23.0000 6243.096   0.301   -1.040      0.0   RC03 
   81      23.0000 6251.818   0.287   -1.440      0.0   RC03 
   82      23.0000 6274.641   0.267   -1.690      0.0   RC03 
   83      23.0000 6285.137   0.275   -1.690      0.0   RC03 
   84      24.0000 5296.690   0.980   -1.440     56.2   Iv06 
   85      24.0000 5298.270   0.980   -1.210     71.5   Iv06 
   86      24.0000 5345.810   1.000   -1.100     77.4   Iv06 
   87      24.0000 5348.320   1.000   -1.310     59.8   Iv06 
   88      24.0000 5409.772   1.030   -0.820      0.0   RC03 
   89      24.0000 5783.090   3.320   -0.470      0.0   RC03 
   90      24.0000 5783.890   3.320   -0.260      0.0   RC03 
   91      24.0000 5785.020   3.320   -0.470      0.0   RC03 
   92      24.0000 5787.960   3.320   -0.210      0.0   RC03 
   93      24.0000 5702.320   3.450   -0.490      0.0   RC03 
   94      24.0000 6630.032   1.030   -3.680      0.0   RC03 
   95      24.1000 5237.330   4.070   -1.170     19.6   Iv06
   96      25.0000 4762.380   2.890    0.480     34.8   Iv06 
   97      25.0000 5537.742   2.187   -1.780      0.0   RC03 
   98      25.0000 6021.790   3.080    0.250     17.9   Iv06 
   99      27.0000 5301.030   1.710   -1.920      7.6   Iv06 
  100      27.0000 5483.350   1.710   -1.280     21.8   Iv06 
  101      27.0000 5530.791   1.711   -2.040      0.0   RC03 
  102      27.0000 5647.232   2.280   -1.570      0.0   RC03 
  103      27.0000 6189.003   1.710   -2.350      0.0   RC03 
  104      27.0000 6632.447   2.280   -1.710      0.0   RC03 
  105      28.0000 5578.718   1.680   -2.650      0.0   RC03 
  106      28.0000 5589.358   3.900   -1.110      0.0   RC03 
  107      28.0000 5592.262   1.950   -2.570      0.0   RC03 
  108      28.0000 5593.736   3.900   -0.890      0.0   RC03 
  109      28.0000 5682.199   4.100   -0.420      0.0   RC03 
  110      28.0000 5748.351   1.680   -3.290      0.0   RC03 
  111      28.0000 5760.830   4.100   -0.790      0.0   RC03 
  112      28.0000 5796.092   1.950   -3.650      0.0   RC03 
  113      28.0000 5805.217   4.170   -0.620      0.0   RC03 
  114      28.0000 5846.994   1.680   -3.440      0.0   RC03 
  115      28.0000 6053.685   4.230   -1.040      0.0   RC03 
  116      28.0000 6086.282   4.260   -0.515      0.0   RC03 
  117      28.0000 6128.973   1.680   -3.390      0.0   RC03 
  118      28.0000 6130.135   4.260   -1.000      0.0   RC03 
  119      28.0000 6175.367   4.090   -0.570      0.0   RC03 
  120      28.0000 6176.811   4.090   -0.290      0.0   RC03 
  121      28.0000 6177.242   1.830   -3.520      0.0   RC03 
  122      28.0000 6186.711   4.100   -0.890      0.0   RC03 
  123      28.0000 6204.604   4.090   -1.150      0.0   RC03 
  124      28.0000 6378.250   4.150   -0.850      0.0   RC03 
  125      28.0000 6482.798   1.930   -2.800      0.0   RC03 
  126      28.0000 6586.310   1.950   -2.710      0.0   RC03 
  127      28.0000 6598.598   4.230   -0.930      0.0   RC03 
  128      28.0000 6635.122   4.420   -0.740      0.0   RC03 
  129      28.0000 6767.772   1.830   -2.140      0.0   RC03 
  130      28.0000 6772.315   3.660   -1.030      0.0   RC03 
  131      56.1000 5853.700   0.604   -0.940      0.0   RC03 
  132      56.1000 6496.900   0.604   -0.360      0.0   RC03 
  133      60.1000 4368.630   0.060   -0.270     28.2   Iv06 
  134      60.1000 4446.380   0.200   -0.530     41.2   Iv06 
  135      60.1000 4563.220   0.180   -0.840     24.7   Iv06 
  136      60.1000 4594.450   0.200   -0.930      5.7   Iv06 
  137      60.1000 4706.540   0.000   -0.040     38.9   Iv06 
  138      60.1000 4825.480   0.180   -0.550     40.8   Iv06 
  139      60.1000 5092.790   0.380   -0.610     22.4   Iv06 
  140      60.1000 5130.590   1.300    0.610     16.1   Iv06 
  141      60.1000 5132.330   0.560   -0.380     11.1   Iv06 
  142      60.1000 5255.510   0.200   -0.880     30.4   Iv06 
  143      62.1000 4467.340   0.660    0.220     29.6   Iv06 
  144      62.1000 4523.910   0.430   -0.160     22.7   Iv06 
  145      62.1000 4537.940   0.480   -0.090     17.6   Iv06 
  146      62.1000 4566.200   0.330   -0.130     19.4   Iv06 
  147      62.1000 4669.640   0.280   -0.160     26.5   Iv06 
  148      62.1000 4676.900   0.040   -0.610     25.7   Iv06 
