    1   3.0   6707.76   0.000    0.000    0.000
    2  11.0   5895.94   0.000   -0.191    0.000
    3  11.0   5889.97   0.000    0.112    0.000
    4  12.0   4167.28   4.340   -0.995    0.000
    5  12.0   4571.10   0.000   -5.569    0.000
    6  12.0   4703.00   4.346   -0.377    0.000
    7  12.0   5172.70   2.712   -0.381    0.000
    8  12.0   5183.62   2.717   -0.158    0.000
    9  12.0   5528.42   4.346   -0.341    0.000
   10  12.0   5711.09   4.340   -1.630    0.000
   11  14.0   4102.94   1.909   -3.100    0.000
   12  20.0   4226.74   0.000    0.243    0.000
   13  20.0   4283.01   1.890   -0.220    0.000
   14  20.0   4425.44   1.880   -0.358    0.000
   15  20.0   4454.79   1.900    0.260    0.000
   16  20.0   5265.56   2.520   -0.260    0.000
   17  20.0   5349.47   2.710   -0.310    0.000
   18  20.0   5581.98   2.520   -0.560    0.000
   19  20.0   5588.76   2.526    0.358    0.000
   20  20.0   5590.13   2.520   -0.571    0.000
   21  20.0   5598.49   2.520   -0.220    0.000
   22  20.0   5601.29   2.520   -0.630    0.000
   23  20.0   5857.46   2.930    0.240    0.000
   24  20.0   6102.73   1.880   -0.790    0.000
   25  20.0   6122.23   1.886   -0.320    0.000
   26  20.0   6162.18   1.899   -0.090    0.000
   27  20.0   6169.56   2.520   -0.800    0.000
   28  20.0   6439.08   2.530    0.390    0.000
   29  20.0   6471.66   2.510   -0.690    0.000
   30  20.0   6493.79   2.520   -0.109    0.000
   31  20.0   6717.69   2.710   -0.524    0.000
   32  21.1   4246.84   0.310    0.240    0.000
   33  21.1   4314.09   0.620   -0.100    0.000
   34  21.1   4400.40   0.610   -0.540    0.000
   35  21.1   4415.56   0.600   -0.670    0.000
   36  21.1   4670.41   1.357   -0.580    0.000
   37  21.1   5031.02   1.360   -0.400    0.000
   38  21.1   5526.82   1.770    0.030    0.000
   39  21.1   5657.88   1.510   -0.600    0.000
   40  22.0   4533.25   0.850    0.476    0.000
   41  22.0   4534.79   0.840    0.280    0.000
   42  22.0   4535.58   0.830    0.130    0.000
   43  22.0   4681.92   0.050   -1.000    0.000
   44  22.0   4981.74   0.848    0.504    0.000
   45  22.0   4991.07   0.840    0.445    0.000
   46  22.0   4999.51   0.826    0.250    0.000
   47  22.0   5039.96   0.021   -1.130    0.000
   48  22.0   5064.66   0.048   -0.991    0.000
   49  22.0   5173.75   0.000   -1.118    0.000
   50  22.0   5192.98   0.021   -1.006    0.000
   51  22.0   5210.39   0.048   -0.884    0.000
   52  22.1   4161.53   1.084   -2.160    0.000
   53  22.1   4300.05   1.180   -0.770    0.000
   54  22.1   4337.93   1.080   -1.130    0.000
   55  22.1   4394.06   1.220   -1.770    0.000
   56  22.1   4395.04   1.080   -0.510    0.000
   57  22.1   4395.84   1.240   -1.970    0.000
   58  22.1   4399.78   1.240   -1.270    0.000
   59  22.1   4417.72   1.160   -1.430    0.000
   60  22.1   4418.33   1.240   -1.990    0.000
   61  22.1   4443.80   1.080   -0.700    0.000
   62  22.1   4444.56   1.116   -2.210    0.000
   63  22.1   4450.48   1.080   -1.510    0.000
   64  22.1   4464.46   1.160   -2.080    0.000
   65  22.1   4468.49   1.130   -0.600    0.000
   66  22.1   4470.86   1.160   -2.280    0.000
   67  22.1   4493.52   1.080   -2.830    0.000
   68  22.1   4501.27   1.120   -0.760    0.000
   69  22.1   4533.97   1.240   -0.770    0.000
   70  22.1   4563.77   1.221   -0.960    0.000
   71  22.1   4571.98   1.572   -0.530    0.000
   72  22.1   4589.95   1.237   -1.790    0.000
   73  22.1   4657.20   1.243   -2.320    0.000
   74  22.1   4708.66   1.240   -2.370    0.000
   75  22.1   4865.62   1.120   -2.610    0.000
   76  22.1   5129.16   1.892   -1.390    0.000
   77  22.1   5154.07   1.570   -1.920    0.000
   78  22.1   5185.91   1.893   -1.350    0.000
   79  22.1   5188.70   1.580   -1.210    0.000
   80  22.1   5226.55   1.566   -1.300    0.000
   81  22.1   5336.79   1.582   -1.630    0.000
   82  22.1   5381.02   1.565   -2.080    0.000
   83  22.1   5418.77   1.580   -2.110    0.000
   84  23.0   4379.24   0.300    0.565    0.000
   85  23.0   4389.99   0.280    0.235    0.000
   86  24.0   4254.35   0.000   -0.114    0.000
   87  24.0   4274.81   0.000   -0.231    0.000
   88  24.0   4289.73   0.000   -0.361    0.000
   89  24.0   4626.17   0.970   -1.320    0.000
   90  24.0   4646.17   1.030   -0.700    0.000
   91  24.0   4651.28   0.980   -1.460    0.000
   92  24.0   4652.15   1.000   -1.030    0.000
   93  24.0   4756.14   3.105    0.090    0.000
   94  24.0   4789.34   2.544   -0.366    0.000
   95  24.0   5206.04   0.941    0.019    0.000
   96  24.0   5208.43   0.940    0.158    0.000
   97  24.0   5247.57   0.960   -1.630    0.000
   98  24.0   5296.70   0.980   -1.400    0.000
   99  24.0   5297.39   2.900    0.170    0.000
  100  24.0   5298.28   0.983   -1.150    0.000
  101  24.0   5345.81   1.004   -0.980    0.000
  102  24.0   5348.33   1.000   -1.290    0.000
  103  24.0   5409.80   1.030   -0.720    0.000
  104  24.1   4554.99   4.070   -1.380    0.000
  105  24.1   4558.65   4.070   -0.660    0.000
  106  24.1   4588.20   4.070   -0.630    0.000
  107  24.1   4848.23   3.960   -1.140    0.000
  108  24.1   4864.33   3.858   -1.372    0.000
  109  24.1   4876.40   3.854   -1.457    0.000
  110  24.1   5237.35   4.070   -1.160    0.000
  111  25.0   4754.04   2.280   -0.086    0.000
  112  25.0   4765.85   2.941   -0.080    0.000
  113  25.0   4766.42   2.920    0.100    0.000
  114  25.0   4783.42   2.298    0.042    0.000
  115  25.0   4823.52   2.320    0.144    0.000
  116  25.0   6021.80   3.076    0.034    0.000
  117  26.0   4114.45   2.832   -1.303    0.000
  118  26.0   4132.07   1.610   -0.675    0.000
  119  26.0   4132.91   2.845   -1.005    0.000
  120  26.0   4134.69   2.832   -0.649    0.000
  121  26.0   4143.88   1.557   -0.511    0.000
  122  26.0   4147.68   1.485   -2.071    0.000
  123  26.0   4154.51   2.830   -0.688    0.000
  124  26.0   4156.81   2.830   -0.808    0.000
  125  26.0   4157.79   3.417   -0.403    0.000
  126  26.0   4174.92   0.910   -2.938    0.000
  127  26.0   4175.64   2.845   -0.827    0.000
  128  26.0   4181.76   2.830   -0.371    0.000
  129  26.0   4182.39   3.020   -1.180    0.000
  130  26.0   4187.05   2.450   -0.514    0.000
  131  26.0   4187.81   2.425   -0.510    0.000
  132  26.0   4191.44   2.469   -0.666    0.000
  133  26.0   4195.34   3.330   -0.492    0.000
  134  26.0   4199.10   3.047    0.156    0.000
  135  26.0   4202.04   1.485   -0.689    0.000
  136  26.0   4206.70   0.050   -3.960    0.000
  137  26.0   4216.19   0.000   -3.357    0.000
  138  26.0   4222.22   2.450   -0.914    0.000
  139  26.0   4227.44   3.332    0.266    0.000
  140  26.0   4233.61   2.482   -0.579    0.000
  141  26.0   4250.13   2.470   -0.380    0.000
  142  26.0   4250.80   1.560   -0.713    0.000
  143  26.0   4260.49   2.400    0.077    0.000
  144  26.0   4271.16   2.450   -0.337    0.000
  145  26.0   4271.77   1.490   -0.173    0.000
  146  26.0   4282.41   2.180   -0.779    0.000
  147  26.0   4294.14   1.480   -1.110    0.000
  148  26.0   4307.91   1.560   -0.072    0.000
  149  26.0   4325.78   1.610    0.006    0.000
  150  26.0   4337.06   1.560   -1.704    0.000
  151  26.0   4369.78   3.050   -0.803    0.000
  152  26.0   4383.56   1.480    0.208    0.000
  153  26.0   4404.76   1.560   -0.147    0.000
  154  26.0   4415.14   1.610   -0.621    0.000
  155  26.0   4427.32   0.050   -2.924    0.000
  156  26.0   4430.62   2.220   -1.728    0.000
  157  26.0   4442.35   2.200   -1.228    0.000
  158  26.0   4443.20   2.860   -1.043    0.000
  159  26.0   4447.73   2.220   -1.339    0.000
  160  26.0   4461.66   0.090   -3.194    0.000
  161  26.0   4459.10   2.180   -1.332    0.000
  162  26.0   4466.56   2.830   -0.600    0.000
  163  26.0   4489.75   0.120   -3.899    0.000
  164  26.0   4494.57   2.200   -1.143    0.000
  165  26.0   4528.63   2.180   -0.887    0.000
  166  26.0   4531.16   1.480   -2.101    0.000
  167  26.0   4602.01   1.610   -3.134    0.000
  168  26.0   4602.95   1.485   -2.208    0.000
  169  26.0   4625.04   3.240   -1.340    0.000
  170  26.0   4630.12   2.280   -2.587    0.000
  171  26.0   4637.50   3.280   -1.390    0.000
  172  26.0   4638.01   3.600   -1.119    0.000
  173  26.0   4647.43   2.950   -1.351    0.000
  174  26.0   4669.17   3.650   -1.210    0.000
  175  26.0   4673.16   3.654   -1.059    0.000
  176  26.0   4678.85   3.600   -0.833    0.000
  177  26.0   4683.56   2.832   -2.318    0.000
  178  26.0   4691.42   2.990   -1.523    0.000
  179  26.0   4704.95   3.687   -1.570    0.000
  180  26.0   4707.27   3.241   -1.080    0.000
  181  26.0   4728.55   3.650   -1.171    0.000
  182  26.0   4733.59   1.480   -2.988    0.000
  183  26.0   4735.85   4.076   -1.325    0.000
  184  26.0   4736.77   3.210   -0.752    0.000
  185  26.0   4745.80   3.654   -1.270    0.000
  186  26.0   4786.81   3.017   -1.606    0.000
  187  26.0   4788.76   3.240   -1.763    0.000
  188  26.0   4789.65   3.547   -0.957    0.000
  189  26.0   4838.51   3.417   -1.950    0.000
  190  26.0   4859.74   2.876   -0.764    0.000
  191  26.0   4871.32   2.865   -0.362    0.000
  192  26.0   4872.14   2.882   -0.567    0.000
  193  26.0   4885.43   3.882   -1.091    0.000
  194  26.0   4886.33   4.154   -0.556    0.000
  195  26.0   4890.76   2.880   -0.394    0.000
  196  26.0   4891.50   2.851   -0.111    0.000
  197  26.0   4903.32   2.880   -0.926    0.000
  198  26.0   4919.00   2.865   -0.342    0.000
  199  26.0   4920.51   2.830    0.068    0.000
  200  26.0   4924.77   2.279   -2.200    0.000
  201  26.0   4938.82   2.876   -1.077    0.000
  202  26.0   4939.69   0.859   -3.252    0.000
  203  26.0   4946.39   3.368   -1.010    0.000
  204  26.0   4950.10   3.417   -1.670    0.000
  205  26.0   4966.09   3.332   -0.840    0.000
  206  26.0   4969.92   4.217   -0.750    0.000
  207  26.0   4970.50   3.635   -1.740    0.000
  208  26.0   4973.01   3.960   -0.850    0.000
  209  26.0   4982.52   4.104    0.144    0.000
  210  26.0   4983.26   4.150   -0.160    0.000
  211  26.0   4983.86   4.104   -0.068    0.000
  212  26.0   4985.25   3.930   -0.559    0.000
  213  26.0   4985.55   2.860   -1.331    0.000
  214  26.0   4988.95   4.154   -0.790    0.000
  215  26.0   4994.14   0.915   -2.969    0.000
  216  26.0   5001.87   3.882    0.050    0.000
  217  26.0   5002.79   3.396   -1.440    0.000
  218  26.0   5005.71   3.884   -0.180    0.000
  219  26.0   5006.12   2.833   -0.615    0.000
  220  26.0   5014.94   3.943   -0.270    0.000
  221  26.0   5027.12   4.155   -0.559    0.000
  222  26.0   5028.13   3.570   -1.122    0.000
  223  26.0   5039.25   3.368   -1.572    0.000
  224  26.0   5041.08   0.958   -3.086    0.000
  225  26.0   5041.76   1.480   -2.203    0.000
  226  26.0   5044.21   2.851   -2.040    0.000
  227  26.0   5049.83   2.279   -1.355    0.000
  228  26.0   5051.64   0.915   -2.764    0.000
  229  26.0   5068.77   2.940   -1.041    0.000
  230  26.0   5074.75   4.220   -0.160    0.000
  231  26.0   5078.97   4.302   -0.521    0.000
  232  26.0   5079.22   2.200   -2.105    0.000
  233  26.0   5079.74   0.990   -3.245    0.000
  234  26.0   5083.35   0.958   -2.842    0.000
  235  26.0   5090.77   4.256   -0.360    0.000
  236  26.0   5098.70   2.170   -2.026    0.000
  237  26.0   5107.64   1.557   -2.358    0.000
  238  26.0   5109.66   4.300   -0.810    0.000
  239  26.0   5110.46   0.000   -3.758    0.000
  240  26.0   5121.64   4.283   -0.720    0.000
  241  26.0   5123.73   1.011   -3.058    0.000
  242  26.0   5125.12   4.220   -0.080    0.000
  243  26.0   5127.37   0.915   -3.249    0.000
  244  26.0   5131.48   2.220   -2.515    0.000
  245  26.0   5137.40   4.178   -0.400    0.000
  246  26.0   5139.46   2.940   -0.509    0.000
  247  26.0   5141.74   2.420   -2.238    0.000
  248  26.0   5142.54   4.257   -0.174    0.000
  249  26.0   5142.93   0.958   -3.067    0.000
  250  26.0   5148.23   4.257   -0.274    0.000
  251  26.0   5150.85   0.990   -3.037    0.000
  252  26.0   5151.92   1.011   -3.321    0.000
  253  26.0   5162.28   4.178    0.020    0.000
  254  26.0   5166.28   0.000   -4.123    0.000
  255  26.0   5171.61   1.485   -1.721    0.000
  256  26.0   5191.47   3.039   -0.551    0.000
  257  26.0   5192.35   2.998   -0.421    0.000
  258  26.0   5194.95   1.557   -2.021    0.000
  259  26.0   5195.48   4.220   -0.370    0.000
  260  26.0   5196.06   4.260   -0.830    0.000
  261  26.0   5198.71   2.223   -2.140    0.000
  262  26.0   5215.18   3.270   -0.871    0.000
  263  26.0   5216.28   1.608   -2.082    0.000
  264  26.0   5217.40   3.210   -1.162    0.000
  265  26.0   5225.53   0.110   -4.755    0.000
  266  26.0   5227.19   1.557   -1.227    0.000
  267  26.0   5232.95   2.940   -0.057    0.000
  268  26.0   5242.50   3.630   -0.970    0.000
  269  26.0   5250.22   0.120   -4.920    0.000
  270  26.0   5250.65   2.200   -2.180    0.000
  271  26.0   5263.31   3.260   -0.970    0.000
  272  26.0   5266.56   2.998   -0.385    0.000
  273  26.0   5269.55   0.860   -1.333    0.000
  274  26.0   5273.16   3.292   -1.046    0.000
  275  26.0   5273.37   2.484   -2.158    0.000
  276  26.0   5281.80   3.040   -0.833    0.000
  277  26.0   5283.63   3.240   -0.524    0.000
  278  26.0   5302.31   3.283   -0.720    0.000
  279  26.0   5307.37   1.608   -2.912    0.000
  280  26.0   5322.04   2.279   -2.840    0.000
  281  26.0   5324.19   3.210   -0.103    0.000
  282  26.0   5328.05   0.915   -1.465    0.000
  283  26.0   5328.54   1.557   -1.850    0.000
  284  26.0   5332.91   1.560   -2.780    0.000
  285  26.0   5339.94   3.266   -0.720    0.000
  286  26.0   5364.87   4.445    0.230    0.000
  287  26.0   5367.47   4.415    0.440    0.000
  288  26.0   5369.97   4.371    0.536    0.000
  289  26.0   5371.50   0.960   -1.644    0.000
  290  26.0   5383.38   4.312    0.645    0.000
  291  26.0   5389.48   4.415   -0.250    0.000
  292  26.0   5391.46   4.155   -0.825    0.000
  293  26.0   5393.18   3.241   -0.715    0.000
  294  26.0   5397.14   0.910   -1.982    0.000
  295  26.0   5398.29   4.440   -0.730    0.000
  296  26.0   5405.78   0.990   -1.852    0.000
  297  26.0   5410.91   4.473    0.400    0.000
  298  26.0   5415.20   4.390    0.643    0.000
  299  26.0   5424.08   4.320    0.520    0.000
  300  26.0   5429.71   0.960   -1.881    0.000
  301  26.0   5434.53   1.011   -2.126    0.000
  302  26.0   5445.04   4.386    0.040    0.000
  303  26.0   5446.92   0.990   -1.910    0.000
  304  26.0   5455.62   1.010   -2.091    0.000
  305  26.0   5462.95   4.474   -0.234    0.000
  306  26.0   5473.91   4.150   -0.830    0.000
  307  26.0   5487.76   4.140   -0.650    0.000
  308  26.0   5497.53   1.010   -2.825    0.000
  309  26.0   5501.48   0.958   -3.046    0.000
  310  26.0   5506.79   0.990   -2.789    0.000
  311  26.0   5565.71   4.610   -0.360    0.000
  312  26.0   5569.63   3.417   -0.500    0.000
  313  26.0   5572.85   3.397   -0.275    0.000
  314  26.0   5576.10   3.430   -0.900    0.000
  315  26.0   5586.77   3.370   -0.096    0.000
  316  26.0   5615.66   3.330    0.050    0.000
  317  26.0   5638.26   4.220   -0.720    0.000
  318  26.0   5662.52   4.178   -0.573    0.000
  319  26.0   5686.53   4.550   -0.445    0.000
  320  26.0   5701.54   2.560   -2.143    0.000
  321  26.0   5709.38   3.368   -1.240    0.000
  322  26.0   5717.83   4.284   -0.980    0.000
  323  26.0   5731.76   4.256   -1.150    0.000
  324  26.0   5753.12   4.261   -0.688    0.000
  325  26.0   5763.00   4.210   -0.390    0.000
  326  26.0   5862.37   4.550   -0.420    0.000
  327  26.0   5930.17   4.652   -0.230    0.000
  328  26.0   5934.65   3.928   -1.020    0.000
  329  26.0   5952.72   3.984   -1.440    0.000
  330  26.0   5976.77   3.944   -1.310    0.000
  331  26.0   5983.69   4.550   -0.720    0.000
  332  26.0   5984.83   4.730   -0.350    0.000
  333  26.0   6020.17   4.607   -0.210    0.000
  334  26.0   6027.05   4.076   -1.090    0.000
  335  26.0   6056.01   4.733   -0.400    0.000
  336  26.0   6065.48   2.610   -1.473    0.000
  337  26.0   6136.62   2.453   -1.410    0.000
  338  26.0   6137.70   2.588   -1.346    0.000
  339  26.0   6173.34   2.220   -2.880    0.000
  340  26.0   6191.57   2.433   -1.416    0.000
  341  26.0   6200.32   2.610   -2.440    0.000
  342  26.0   6219.28   2.200   -2.440    0.000
  343  26.0   6230.74   2.560   -1.276    0.000
  344  26.0   6246.33   3.600   -0.880    0.000
  345  26.0   6252.56   2.404   -1.767    0.000
  346  26.0   6265.13   2.176   -2.550    0.000
  347  26.0   6280.62   0.860   -4.393    0.000
  348  26.0   6297.79   2.220   -2.640    0.000
  349  26.0   6301.51   3.654   -0.718    0.000
  350  26.0   6335.33   2.200   -2.469    0.000
  351  26.0   6336.83   3.690   -1.050    0.000
  352  26.0   6358.69   0.860   -4.470    0.000
  353  26.0   6393.61   2.433   -1.576    0.000
  354  26.0   6400.01   3.603   -0.290    0.000
  355  26.0   6408.03   3.690   -1.000    0.000
  356  26.0   6411.66   3.650   -0.660    0.000
  357  26.0   6421.36   2.279   -2.014    0.000
  358  26.0   6430.85   2.180   -1.946    0.000
  359  26.0   6494.98   2.400   -1.239    0.000
  360  26.0   6593.87   2.437   -2.420    0.000
  361  26.0   6609.11   2.559   -2.690    0.000
  362  26.0   6663.45   2.420   -2.460    0.000
  363  26.0   6677.99   2.690   -1.418    0.000
  364  26.0   6750.16   2.420   -2.620    0.000
  365  26.0   7164.44   4.191   -0.526    0.000
  366  26.0   7207.38   4.154   -0.352    0.000
  367  26.0   7445.76   4.260   -0.310    0.000
  368  26.0   7495.08   4.220   -0.180    0.000
  369  26.0   7511.02   4.178    0.099    0.000
  370  26.0   7832.21   4.430   -0.190    0.000
  371  26.0   7998.94   4.372    0.048    0.000
  372  26.1   4178.86   2.583   -2.489    0.000
  373  26.1   4233.17   2.580   -1.900    0.000
  374  26.1   4416.83   2.780   -2.580    0.000
  375  26.1   4508.29   2.860   -2.318    0.000
  376  26.1   4515.34   2.840   -2.422    0.000
  377  26.1   4520.23   2.810   -2.590    0.000
  378  26.1   4522.64   2.840   -2.050    0.000
  379  26.1   4541.52   2.860   -3.030    0.000
  380  26.1   4555.89   2.828   -2.304    0.000
  381  26.1   4583.84   2.807   -1.890    0.000
  382  26.1   4620.52   2.830   -3.287    0.000
  383  26.1   4923.93   2.891   -1.307    0.000
  384  26.1   5018.45   2.891   -1.292    0.000
  385  26.1   5169.05   2.890   -0.969    0.000
  386  26.1   5197.58   3.230   -2.250    0.000
  387  26.1   5234.63   3.221   -2.268    0.000
  388  26.1   5276.00   3.200   -1.963    0.000
  389  26.1   5284.10   2.891   -3.010    0.000
  390  26.1   5316.61   3.150   -2.020    0.000
  391  26.1   5425.26   3.200   -3.210    0.000
  392  26.1   5534.83   3.245   -2.770    0.000
  393  26.1   6247.55   3.891   -2.340    0.000
  394  26.1   6456.39   3.903   -2.075    0.000
  395  26.1   6516.08   2.890   -3.450    0.000
  396  27.0   4118.78   0.920   -0.490    0.000
  397  27.0   4121.32   0.923   -0.320    0.000
  398  28.0   4648.65   3.420   -0.160    0.000
  399  28.0   4686.21   3.597   -0.640    0.000
  400  28.0   4715.76   3.540   -0.340    0.000
  401  28.0   4752.43   3.660   -0.700    0.000
  402  28.0   4756.51   3.480   -0.340    0.000
  403  28.0   4829.02   3.540   -0.330    0.000
  404  28.0   4831.17   3.610   -0.420    0.000
  405  28.0   4855.42   3.542    0.000    0.000
  406  28.0   4904.41   3.540   -0.170    0.000
  407  28.0   4984.11   3.797    0.350    0.000
  408  28.0   5017.57   3.539   -0.080    0.000
  409  28.0   5035.37   3.630    0.290    0.000
  410  28.0   5080.53   3.655    0.130    0.000
  411  28.0   5081.11   3.850    0.300    0.000
  412  28.0   5082.35   3.660   -0.670    0.000
  413  28.0   5084.09   3.680    0.030    0.000
  414  28.0   5099.94   3.680   -0.280    0.000
  415  28.0   5115.39   3.830   -0.110    0.000
  416  28.0   5137.07   1.677   -1.990    0.000
  417  28.0   5146.48   3.710    0.120    0.000
  418  28.0   5155.76   3.900   -0.090    0.000
  419  28.0   5476.92   1.826   -0.890    0.000
  420  28.0   5754.65   1.936   -2.330    0.000
  421  28.0   6108.11   1.680   -2.610    0.000
  422  28.0   6191.17   1.677   -2.353    0.000
  423  28.0   6643.64   1.680   -2.300    0.000
  424  28.0   6767.78   1.830   -2.170    0.000
  425  29.0   5105.55   1.390   -1.520    0.000
  426  30.0   4722.20   4.030   -0.390    0.000
  427  30.0   4810.54   4.080   -0.170    0.000
  428  38.1   4077.71   0.000    0.170    0.000
  429  38.1   4215.52   0.000   -0.170    0.000
  430  39.1   4883.69   1.080    0.070    0.000
  431  56.1   4554.03   0.000    0.170    0.000
  432  56.1   6141.73   0.700   -0.080    0.000
  433  56.1   6496.91   0.600   -0.380    0.000
  434  57.1   4086.71   0.000   -0.160    0.000
  435  57.1   4123.23   0.320    0.120    0.000
  436  63.1   4129.70   0.000    0.204    0.000
  437  63.1   4205.05   0.000    0.117    0.000
