C  8.56  6 I          CH                    syn   +5.67   -0.71
N  8.05  7 I          CN                    syn   +6.46   +0.59
O  8.93  8 I  6300.31    0.00  -9.750       syn   +6.97   +0.22
O  8.93  8 I  6363.79    0.02 -10.250       syn   +6.97   +0.22
Na 6.33 11 I  5682.63    2.10  -0.699       syn   +3.89   -0.26
Na 6.33 11 I  5688.00    2.10  -0.456       syn   +3.95   -0.20 HFS
Na 6.33 11 I  5889.95    0.00  +0.112 220.2                     d
Na 6.33 11 I  5895.92    0.00  -0.191 212.3                     d
Mg 7.58 12 I  4571.10    0.00  -5.569 120.1       +5.75   +0.35
Mg 7.58 12 I  4703.00    4.35  -0.377 109.5       +5.90   +0.50
Mg 7.58 12 I  5172.70    2.71  -0.381 293.2       +5.80   +0.40
Mg 7.58 12 I  5183.62    2.72  -0.158 356.0       +5.82   +0.42
Mg 7.58 12 I  5528.42    4.35  -0.341 120.5       +5.86   +0.46
Mg 7.58 12 I  5711.09    4.34  -1.630  37.0       +5.73   +0.33
Si 7.55 14 I  5690.43    4.93  -1.870   9.4       +5.85   +0.49
Si 7.55 14 I  5793.08    4.93  -2.060   5.9       +5.82   +0.45
Si 7.55 14 I  6142.49    5.62  -1.480   5.1       +5.97   +0.60
Si 7.55 14 I  6145.02    5.61  -1.370   4.0       +5.75   +0.38
Ca 6.36 20 I  5349.47    2.71  -0.310  39.6       +4.42   +0.24
Ca 6.36 20 I  5588.76    2.53  +0.358  89.0       +4.40   +0.22
Ca 6.36 20 I  5590.12    2.51  -0.710  40.8       +4.58   +0.40
Ca 6.36 20 I  5857.46    2.93  +0.240  58.5       +4.43   +0.25
Ca 6.36 20 I  6102.73    1.88  -0.790  87.1       +4.62   +0.44
Ca 6.36 20 I  6122.23    1.89  -0.320 115.4       +4.68   +0.50
Ca 6.36 20 I  6161.30    2.52  -1.270  16.3       +4.56   +0.38
Ca 6.36 20 I  6162.18    1.90  -0.090 127.1       +4.69   +0.51
Ca 6.36 20 I  6166.44    2.52  -1.140  18.5       +4.50   +0.32
Ca 6.36 20 I  6169.04    2.52  -0.800  34.8       +4.52   +0.34
Ca 6.36 20 I  6169.56    2.52  -0.480  50.7       +4.48   +0.30
Ca 6.36 20 I  6471.66    2.51  -0.690  42.2       +4.51   +0.33
Ca 6.36 20 I  6493.79    2.52  -0.109  73.2       +4.45   +0.27
Ca 6.36 20 I  6499.65    2.52  -0.820  33.5       +4.49   +0.31
Ca 6.36 20 I  6717.69    2.71  -0.524  41.5       +4.57   +0.39
Sc 3.10 21 II 4400.40    0.61  -0.540 105.3       +1.05   +0.13 HFS
Sc 3.10 21 II 5031.02    1.36  -0.400  70.2       +0.93   -0.08 HFS
Sc 3.10 21 II 5239.82    1.45  -0.765  48.8       +1.04   +0.04 HFS
Sc 3.10 21 II 5526.82    1.77  +0.020  71.7       +0.99   -0.01 HFS
Sc 3.10 21 II 5640.99    1.50  -1.130  33.2       +1.03   +0.02 HFS
Sc 3.10 21 II 5657.88    1.51  -0.600  61.6       +0.92   -0.09 HFS
Sc 3.10 21 II 5667.15    1.50  -1.360  22.5       +1.00   +0.00 HFS
Sc 3.10 21 II 6245.62    1.51  -1.070  31.8       +0.99   -0.02 HFS
Sc 3.10 21 II 6604.60    1.36  -1.310  27.7       +1.10   +0.10 HFS
Ti 4.99 22 I  4518.02    0.83  -0.325  53.5       +2.97   +0.16
Ti 4.99 22 I  4533.24    0.85  +0.476  88.9       +2.93   +0.12
Ti 4.99 22 I  4534.78    0.84  +0.280  77.9       +2.87   +0.06
Ti 4.99 22 I  4981.73    0.85  +0.504  97.8       +2.92   +0.11
Ti 4.99 22 I  4991.05    0.83  +0.250 102.6       +3.26   +0.45
Ti 4.99 22 I  5039.96    0.02  -1.130  74.2       +2.97   +0.16
Ti 4.99 22 I  5064.65    0.05  -0.991  79.8       +2.97   +0.16
Ti 4.99 22 I  5173.74    0.00  -1.118  81.2       +3.03   +0.22
Ti 4.99 22 I  5192.97    0.02  -1.006  96.6       +3.23   +0.42
Ti 4.99 22 I  5210.39    0.05  -0.884  88.7       +3.00   +0.19
Ti 4.99 22 I  5866.45    1.07  -0.840  25.3       +3.06   +0.25
Ti 4.99 22 I  6064.63    1.05  -1.940   3.5       +3.16   +0.35
Ti 4.99 22 I  6126.22    1.07  -1.420   9.2       +3.10   +0.29
Ti 4.99 22 II 4394.06    1.22  -1.770  94.3       +3.29   +0.48
Ti 4.99 22 II 4395.84    1.24  -1.970  74.7       +3.05   +0.24
Ti 4.99 22 II 4398.29    1.21  -2.780  42.6       +3.16   +0.35
Ti 4.99 22 II 4399.78    1.24  -1.270 116.6       +3.36   +0.55
Ti 4.99 22 II 4409.52    1.23  -2.570  50.5       +3.12   +0.31
Ti 4.99 22 II 4418.33    1.24  -1.990  81.7       +3.22   +0.41
Ti 4.99 22 II 4443.80    1.08  -0.700 148.5       +3.20   +0.39
Ti 4.99 22 II 4444.56    1.12  -2.210  81.7       +3.28   +0.47
Ti 4.99 22 II 4450.49    1.08  -1.450 111.3       +3.17   +0.36
Ti 4.99 22 II 4468.49    1.13  -0.600 153.9       +3.24   +0.43
Ti 4.99 22 II 4501.27    1.12  -0.760 144.1       +3.20   +0.39
Ti 4.99 22 II 5336.79    1.58  -1.630  84.2       +3.06   +0.25
Ti 4.99 22 II 5381.02    1.57  -1.970  67.4       +3.06   +0.25
Ti 4.99 22 II 5418.77    1.58  -2.110  55.0       +2.99   +0.18
Ti 4.99 22 II 6606.97    2.06  -2.790   8.0       +3.05   +0.24
V  4.00 23 I  4851.47    0.00  -1.140  13.6       +1.78   -0.04 e
V  4.00 23 I  6039.73    1.06  -0.650   3.7       +1.90   +0.08 e
V  4.00 23 I  6081.43    1.05  -0.580   4.7       +1.92   +0.10 e
V  4.00 23 I  6090.21    1.08  -0.060  11.3       +1.84   +0.02 e
V  4.00 23 I  6119.50    1.06  -0.320   5.5       +1.74   -0.08 e
V  4.00 23 I  6251.76    0.29  -1.340   5.7       +1.78   -0.04 e
V  4.00 23 II 3951.96    1.48  -0.744  68.8                     f
V  4.00 23 II 4005.71    1.82  -0.463  74.0                     f
Cr 5.67 24 I  4646.17    1.03  -0.727  76.8       +3.26   -0.23
Cr 5.67 24 I  5206.04    0.94  +0.025 127.0       +3.28   -0.21
Cr 5.67 24 I  5296.69    0.98  -1.394  56.2       +3.32   -0.17
Cr 5.67 24 I  5298.27    0.98  -1.174  71.5       +3.38   -0.11
Cr 5.67 24 I  5345.81    1.00  -0.975  77.4       +3.30   -0.19
Cr 5.67 24 I  5348.32    1.00  -1.294  59.8       +3.30   -0.19
Cr 5.67 24 I  5409.79    1.03  -0.715  90.8       +3.34   -0.15
Cr 5.67 24 II 3677.84    2.70  -1.503       syn   +3.68   +0.19
Cr 5.67 24 II 3677.89    2.70  -1.803       syn
Cr 5.67 24 II 3715.17    3.10  -1.367       syn   +3.48   -0.01
Cr 5.67 24 II 4554.99    4.07  -1.373  16.0       +3.69   +0.20
Cr 5.67 24 II 4558.65    4.07  -0.656       syn   +3.71   +0.22
Cr 5.67 24 II 4588.20    4.07  -0.826       syn   +3.68   +0.19
Cr 5.67 24 II 4592.05    4.07  -1.419       syn   +3.68   +0.19
Cr 5.67 24 II 5237.33    4.07  -1.155  19.6       +3.52   +0.03
Cr 5.67 24 II 5237.33    4.07  -1.155  19.6       +3.52   +0.03
Mn 5.39 25 I  4030.76    0.00  -0.470 178.7       +2.82   -0.39 HFS
Mn 5.39 25 I  4033.07    0.00  -0.620 170.5       +2.96   -0.25 HFS
Mn 5.39 25 I  4034.49    0.00  -0.811 155.4       +2.96   -0.25 HFS
Mn 5.39 25 I  4055.55    2.14  -0.070  66.0       +3.04   -0.17 HFS
Mn 5.39 25 I  4762.38    2.89  +0.425  34.8       +2.78   -0.43 HFS
Mn 5.39 25 I  6021.79    3.08  +0.030  17.9       +2.91   -0.30 HFS
Mn 5.39 25 II 3488.67    1.85  -0.864  99.8                     f
Mn 5.39 25 II 3497.53    1.85  -1.330  74.5                     f
Fe 7.52 26 I  3949.96    2.18  -1.251  90.7       +5.35   -2.17
Fe 7.52 26 I  4114.45    2.83  -1.303  62.5       +5.39   -2.13
Fe 7.52 26 I  4132.91    2.85  -1.005  76.6       +5.46   -2.06
Fe 7.52 26 I  4134.69    2.83  -0.649  87.1       +5.36   -2.16
Fe 7.52 26 I  4143.88    1.56  -0.511 166.5       +5.11   -2.41
Fe 7.52 26 I  4147.68    1.49  -2.071 106.4       +5.51   -2.01
Fe 7.52 26 I  4157.79    3.42  -0.403  73.8       +5.49   -2.03
Fe 7.52 26 I  4184.91    2.83  -0.869  80.9       +5.38   -2.14
Fe 7.52 26 I  4187.05    2.45  -0.514 111.7       +5.31   -2.21
Fe 7.52 26 I  4187.81    2.42  -0.510 127.2       +5.58   -1.94
Fe 7.52 26 I  4191.44    2.47  -0.666 113.1       +5.51   -2.01
Fe 7.52 26 I  4199.10    3.05  +0.156 108.6       +5.31   -2.21
Fe 7.52 26 I  4202.04    1.49  -0.689 161.4       +5.11   -2.41
Fe 7.52 26 I  4216.19    0.00  -3.357 133.9       +5.34   -2.18
Fe 7.52 26 I  4217.56    3.43  -0.484  72.3       +5.52   -2.00
Fe 7.52 26 I  4222.22    2.45  -0.914 101.3       +5.44   -2.08
Fe 7.52 26 I  4233.61    2.48  -0.579 109.6       +5.33   -2.19
Fe 7.52 26 I  4238.81    3.40  -0.233  81.5       +5.45   -2.07
Fe 7.52 26 I  4250.13    2.47  -0.380 117.4       +5.28   -2.24
Fe 7.52 26 I  4260.48    2.40  +0.077 149.5       +5.28   -2.24
Fe 7.52 26 I  4271.16    2.45  -0.337 135.3       +5.53   -1.99
Fe 7.52 26 I  4282.40    2.18  -0.779 128.6       +5.51   -2.01
Fe 7.52 26 I  4375.93    0.00  -3.005 147.5       +5.16   -2.36
Fe 7.52 26 I  4388.41    3.60  -0.681  50.3       +5.36   -2.16
Fe 7.52 26 I  4415.12    1.61  -0.621 170.1       +5.20   -2.32
Fe 7.52 26 I  4427.32    0.05  -2.924 151.9       +5.19   -2.33
Fe 7.52 26 I  4430.61    2.22  -1.728  89.2       +5.54   -1.98
Fe 7.52 26 I  4447.72    2.22  -1.339 103.2       +5.48   -2.04
Fe 7.52 26 I  4461.65    0.09  -3.194 142.1       +5.30   -2.22
Fe 7.52 26 I  4489.73    0.12  -3.899 111.8       +5.36   -2.16
Fe 7.52 26 I  4494.56    2.20  -1.143 113.6       +5.47   -2.05
Fe 7.52 26 I  4602.01    1.61  -3.134  57.1       +5.38   -2.14
Fe 7.52 26 I  4602.95    1.49  -2.208 109.5       +5.45   -2.07
Fe 7.52 26 I  4630.12    2.28  -2.587  51.0       +5.56   -1.96
Fe 7.52 26 I  4647.43    2.95  -1.351  65.1       +5.45   -2.07
Fe 7.52 26 I  4859.70    2.88  -0.764  94.2       +5.36   -2.16
Fe 7.52 26 I  4871.32    2.87  -0.362 113.6       +5.37   -2.15
Fe 7.52 26 I  4872.14    2.88  -0.567 103.6       +5.38   -2.14
Fe 7.52 26 I  4890.76    2.88  -0.394 120.3       +5.55   -1.97
Fe 7.52 26 I  4891.50    2.85  -0.111 123.3       +5.30   -2.22
Fe 7.52 26 I  4903.32    2.88  -0.926  88.0       +5.37   -2.15
Fe 7.52 26 I  4919.00    2.87  -0.342 115.0       +5.36   -2.16
Fe 7.52 26 I  4924.77    2.28  -2.114  66.4       +5.32   -2.20
Fe 7.52 26 I  4938.82    2.88  -1.077  79.4       +5.30   -2.22
Fe 7.52 26 I  4939.69    0.86  -3.252 102.8       +5.35   -2.17
Fe 7.52 26 I  4966.09    3.33  -0.871  69.2       +5.46   -2.06
Fe 7.52 26 I  4994.14    0.92  -2.969 111.4       +5.29   -2.23
Fe 7.52 26 I  5001.87    3.88  +0.050  63.8       +5.11   -2.41
Fe 7.52 26 I  5006.12    2.83  -0.615 104.6       +5.34   -2.18
Fe 7.52 26 I  5014.94    3.94  -0.303  50.1       +5.27   -2.25
Fe 7.52 26 I  5049.83    2.28  -1.355 105.2       +5.36   -2.16
Fe 7.52 26 I  5051.64    0.92  -2.764 127.0       +5.38   -2.14
Fe 7.52 26 I  5068.77    2.94  -1.041  76.1       +5.24   -2.28
Fe 7.52 26 I  5074.75    4.22  -0.160  49.7       +5.45   -2.07
Fe 7.52 26 I  5079.74    0.99  -3.245 108.5       +5.58   -1.94
Fe 7.52 26 I  5083.35    0.96  -2.842 115.8       +5.28   -2.24
Fe 7.52 26 I  5110.44    0.00  -3.758 142.9       +5.36   -2.16
Fe 7.52 26 I  5125.12    4.22  -0.080  52.6       +5.42   -2.10
Fe 7.52 26 I  5127.37    0.92  -3.249 104.3       +5.39   -2.13
Fe 7.52 26 I  5131.48    2.22  -2.515  58.9       +5.46   -2.06
Fe 7.52 26 I  5133.69    4.18  +0.200  67.1       +5.36   -2.16
Fe 7.52 26 I  5141.74    2.42  -2.238  55.1       +5.37   -2.15
Fe 7.52 26 I  5145.09    2.20  -2.876  22.9       +5.11   -2.41
Fe 7.52 26 I  5150.85    0.99  -3.037 108.3       +5.34   -2.18
Fe 7.52 26 I  5151.92    1.01  -3.321  97.5       +5.43   -2.09
Fe 7.52 26 I  5162.28    4.18  +0.020  58.4       +5.37   -2.15
Fe 7.52 26 I  5166.28    0.00  -4.123 122.8       +5.32   -2.20
Fe 7.52 26 I  5171.61    1.49  -1.721 133.2       +5.19   -2.33
Fe 7.52 26 I  5191.47    3.04  -0.551 109.5       +5.57   -1.95
Fe 7.52 26 I  5192.35    3.00  -0.421 103.5       +5.27   -2.25
Fe 7.52 26 I  5194.95    1.56  -2.021 115.9       +5.24   -2.28
Fe 7.52 26 I  5198.71    2.22  -2.091  76.2       +5.35   -2.17
Fe 7.52 26 I  5202.34    2.18  -1.871 101.1       +5.60   -1.92
Fe 7.52 26 I  5216.28    1.61  -2.082 112.7       +5.30   -2.22
Fe 7.52 26 I  5217.40    3.21  -1.162  60.3       +5.37   -2.15
Fe 7.52 26 I  5225.53    0.11  -4.755  85.0       +5.39   -2.13
Fe 7.52 26 I  5232.95    2.94  -0.057 122.9       +5.22   -2.30
Fe 7.52 26 I  5242.46    3.63  -0.967  46.6       +5.45   -2.07
Fe 7.52 26 I  5266.56    3.00  -0.385 106.3       +5.27   -2.25
Fe 7.52 26 I  5281.80    3.04  -0.833  84.3       +5.29   -2.23
Fe 7.52 26 I  5283.63    3.24  -0.524  90.8       +5.37   -2.15
Fe 7.52 26 I  5288.52    3.68  -1.508  12.8       +5.26   -2.26
Fe 7.52 26 I  5302.31    3.28  -0.720  74.8       +5.29   -2.23
Fe 7.52 26 I  5307.37    1.61  -2.912  74.5       +5.33   -2.19
Fe 7.52 26 I  5324.19    3.21  -0.103 106.0       +5.23   -2.29
Fe 7.52 26 I  5322.01    2.28  -2.802  28.0       +5.23   -2.29
Fe 7.52 26 I  5328.54    1.56  -1.850 133.2       +5.36   -2.16
Fe 7.52 26 I  5332.92    1.56  -2.776  83.2       +5.29   -2.23
Fe 7.52 26 I  5339.94    3.27  -0.720  78.5       +5.33   -2.19
Fe 7.52 26 I  5364.87    4.45  +0.228  47.9       +5.27   -2.25
Fe 7.52 26 I  5365.40    3.56  -1.020  30.3       +5.09   -2.43
Fe 7.52 26 I  5367.47    4.42  +0.443  57.0       +5.19   -2.33
Fe 7.52 26 I  5369.97    4.37  +0.536  60.2       +5.10   -2.42
Fe 7.52 26 I  5371.50    0.96  -1.644 179.0       +5.08   -2.44
Fe 7.52 26 I  5379.58    3.69  -1.514  14.0       +5.32   -2.20
Fe 7.52 26 I  5383.38    4.31  +0.645  70.6       +5.11   -2.41
Fe 7.52 26 I  5393.18    3.24  -0.715  77.6       +5.26   -2.26
Fe 7.52 26 I  5397.14    0.92  -1.982 164.0       +5.12   -2.40
Fe 7.52 26 I  5405.78    0.99  -1.852 162.6       +5.06   -2.46
Fe 7.52 26 I  5410.91    4.47  +0.298  48.8       +5.25   -2.27
Fe 7.52 26 I  5415.20    4.39  +0.643  65.4       +5.10   -2.42
Fe 7.52 26 I  5424.08    4.32  +0.520  75.4       +5.33   -2.19
Fe 7.52 26 I  5429.71    0.96  -1.881 170.9       +5.17   -2.35
Fe 7.52 26 I  5434.53    1.01  -2.126 150.0       +5.14   -2.38
Fe 7.52 26 I  5445.04    4.39  +0.040  43.3       +5.29   -2.23
Fe 7.52 26 I  5446.92    0.99  -1.914 169.2       +5.21   -2.31
Fe 7.52 26 I  5501.48    0.96  -3.046 117.5       +5.38   -2.14
Fe 7.52 26 I  5506.79    0.99  -2.789 126.5       +5.33   -2.19
Fe 7.52 26 I  5560.21    4.43  -1.040   7.8       +5.45   -2.07
Fe 7.52 26 I  5569.63    3.42  -0.500  75.9       +5.21   -2.31
Fe 7.52 26 I  5572.85    3.40  -0.275  89.1       +5.22   -2.30
Fe 7.52 26 I  5576.10    3.43  -0.900  58.3       +5.30   -2.22
Fe 7.52 26 I  5586.77    3.37  -0.144  99.6       +5.27   -2.25
Fe 7.52 26 I  5615.66    3.33  +0.050 109.9       +5.24   -2.28
Fe 7.52 26 I  5618.64    4.21  -1.275   6.0       +5.28   -2.24
Fe 7.52 26 I  5662.52    4.18  -0.573  31.5       +5.40   -2.12
Fe 7.52 26 I  5686.53    4.55  -0.445  12.6       +5.22   -2.30
Fe 7.52 26 I  5753.12    4.26  -0.688  17.9       +5.28   -2.24
Fe 7.52 26 I  5775.09    4.22  -1.297   7.7       +5.42   -2.10
Fe 7.52 26 I  5816.38    4.55  -0.601  10.7       +5.28   -2.24
Fe 7.52 26 I  6065.48    2.61  -1.410  91.0       +5.30   -2.22
Fe 7.52 26 I  6136.62    2.45  -1.410 105.6       +5.37   -2.15
Fe 7.52 26 I  6137.70    2.59  -1.346  97.8       +5.33   -2.19
Fe 7.52 26 I  6151.62    2.18  -3.371  23.1       +5.48   -2.04
Fe 7.52 26 I  6191.57    2.43  -1.416 104.3       +5.31   -2.21
Fe 7.52 26 I  6079.01    4.65  -0.970   4.7       +5.37   -2.15
Fe 7.52 26 I  6229.23    2.84  -3.000   8.0       +5.40   -2.12
Fe 7.52 26 I  6230.74    2.56  -1.276 110.8       +5.45   -2.07
Fe 7.52 26 I  6240.66    2.22  -3.173  20.3       +5.26   -2.26
Fe 7.52 26 I  6246.32    3.60  -0.877  53.7       +5.34   -2.18
Fe 7.52 26 I  6252.56    2.40  -1.767 101.0       +5.55   -1.97
Fe 7.52 26 I  6265.13    2.18  -2.540  68.1       +5.43   -2.09
Fe 7.52 26 I  6297.80    2.22  -2.640  60.7       +5.46   -2.06
Fe 7.52 26 I  6301.50    3.65  -0.720  67.8       +5.48   -2.04
Fe 7.52 26 I  6311.51    2.83  -3.220   5.7       +5.45   -2.07
Fe 7.52 26 I  6322.68    2.59  -2.469  49.4       +5.57   -1.95
Fe 7.52 26 I  6344.15    2.43  -2.877  28.5       +5.41   -2.11
Fe 7.52 26 I  6355.04    2.84  -2.291  26.8       +5.30   -2.22
Fe 7.52 26 I  6358.69    0.90  -4.470  55.7       +5.50   -2.02
Fe 7.52 26 I  6393.61    2.43  -1.576 100.1       +5.36   -2.16
Fe 7.52 26 I  6400.01    3.60  -0.290  76.8       +5.14   -2.38
Fe 7.52 26 I  6411.65    3.65  -0.717  61.7       +5.36   -2.16
Fe 7.52 26 I  6419.96    4.73  -0.240  19.1       +5.40   -2.12
Fe 7.52 26 I  6421.36    2.28  -2.014  89.6       +5.38   -2.14
Fe 7.52 26 I  6430.85    2.18  -1.946  98.7       +5.36   -2.16
Fe 7.52 26 I  6481.87    2.28  -3.010  33.0       +5.43   -2.09
Fe 7.52 26 I  6494.98    2.40  -1.239 118.7       +5.30   -2.22
Fe 7.52 26 I  6498.94    0.96  -4.689  37.0       +5.48   -2.04
Fe 7.52 26 I  6518.37    2.83  -2.297  19.2       +5.10   -2.42
Fe 7.52 26 I  6592.91    2.73  -1.473  83.3       +5.30   -2.22
Fe 7.52 26 I  6593.87    2.44  -2.366  54.8       +5.34   -2.18
Fe 7.52 26 I  6609.11    2.56  -2.661  28.8       +5.34   -2.18
Fe 7.52 26 I  6677.99    2.69  -1.418  95.1       +5.40   -2.12
Fe 7.52 26 I  6750.16    2.42  -2.584  47.1       +5.40   -2.12
Fe 7.52 26 I  7132.99    4.08  -1.628   6.6       +5.42   -2.10
Fe 7.52 26 I  7187.38    4.10  -0.147  64.6       +5.35   -2.17
Fe 7.52 26 I  7223.64    3.02  -2.208  23.4       +5.31   -2.21
Fe 7.52 26 II 4178.86    2.57  -2.480  72.3       +5.23   -2.29
Fe 7.52 26 II 4491.40    2.84  -2.690  53.8       +5.23   -2.29
Fe 7.52 26 II 4508.28    2.84  -2.220  75.1       +5.23   -2.29
Fe 7.52 26 II 4520.23    2.84  -2.610  66.0       +5.41   -2.11
Fe 7.52 26 II 4541.52    2.84  -3.050  45.4       +5.40   -2.12
Fe 7.52 26 II 4555.89    2.82  -2.280  76.0       +5.27   -2.25
Fe 7.52 26 II 4576.33    2.83  -3.040  47.2       +5.41   -2.11
Fe 7.52 26 II 4582.84    2.83  -3.090  35.2       +5.21   -2.31
Fe 7.52 26 II 4923.92    2.89  -1.320 123.3       +5.39   -2.13
Fe 7.52 26 II 5234.62    3.22  -2.050  65.4       +5.15   -2.37
Fe 7.52 26 II 5284.09    2.88  -3.200  37.7       +5.34   -2.18
Fe 7.52 26 II 5264.80    3.22  -3.190  19.7       +5.34   -2.18
Fe 7.52 26 II 5275.99    3.20  -1.940  76.6       +5.23   -2.29
Fe 7.52 26 II 5325.56    3.21  -3.200  17.9       +5.28   -2.24
Fe 7.52 26 II 6149.25    3.89  -2.720  11.1       +5.32   -2.20
Fe 7.52 26 II 6247.56    3.87  -2.520  24.9       +5.52   -2.00
Fe 7.52 26 II 6416.93    3.89  -2.790  10.2       +5.33   -2.19
Fe 7.52 26 II 6432.68    2.89  -3.710  21.0       +5.41   -2.11
Fe 7.52 26 II 6516.08    2.89  -3.450  34.0       +5.43   -2.09
Co 4.92 27 I  5301.03    1.71  -1.94    7.6       +2.84   +0.10
Co 4.92 27 I  5369.56    1.74  -1.59   14.1       +2.82   +0.08
Co 4.92 27 I  5483.35    1.71  -1.41   21.8       +2.81   +0.07
Co 4.92 27 I  5530.71    1.71  -2.23    7.8       +3.12   +0.38
Co 4.92 27 I  5590.64    2.04  -1.87    4.2       +2.88   +0.14
Co 4.92 27 I  5647.23    2.28  -1.56    2.8       +2.69   -0.05
Co 4.92 27 I  6770.97    1.88  -1.97    7.1       +2.92   +0.18
Co 4.92 27 I  6814.96    1.95  -1.90    5.4       +2.81   +0.07
Co 4.92 27 I  7052.87    1.95  -1.62   12.5       +2.91   +0.17
Ni 6.25 28 I  6175.37    4.09  -0.53    7.8       +4.19   +0.12
Ni 6.25 28 I  6176.82    4.09  -0.53   11.2       +4.37   +0.30
Ni 6.25 28 I  6177.25    1.83  -3.50    5.4       +4.18   +0.11
Ni 6.25 28 I  6586.33    1.95  -2.81   14.2       +4.07   +0.00
Ni 6.25 28 I  6643.64    1.68  -2.01   70.5       +3.99   -0.08
Ni 6.25 28 I  6767.78    1.83  -2.17   59.4       +4.16   +0.09
Cu 4.21 29 I  5105.50    1.39  -3.72        syn   +1.27   -0.76 HFS, iso
Zn 4.60 30 I  4722.15    4.03  -0.39        syn   +2.51   +0.09
Zn 4.60 30 I  4810.53    4.08  -0.17        syn   +2.51   +0.09
Ga 2.88 31 I  4172.00    0.10  -0.32        syn   +0.59   -0.11
Rb 2.60 37 I  7800.29    0.00  +0.14        syn   +0.70   +0.28
Sr 2.90 38 I  4607.33    0.00  +0.28        syn   +0.48   -0.24
Sr 2.90 38 II 3464.46    3.04  +0.53        syn   +0.73   +0.01
Sr 2.90 38 II 4077.71    0.00  +0.17        syn   +0.86   +0.14
Sr 2.90 38 II 4161.79    2.94  -0.60        syn   +0.88   +0.16
Sr 2.90 38 II 4215.52    0.00  -0.17        syn   +0.91   +0.19
Y  2.24 39 II 3611.04    0.13  +0.01        syn   +0.03   -0.03 HFS
Y  2.24 39 II 3710.29    0.18  +0.46        syn   -0.02   -0.08 HFS
Y  2.24 39 II 3774.33    0.13  +0.21        syn   +0.03   -0.03 HFS
Y  2.24 39 II 4398.01    0.13  -1.00        syn   -0.02   -0.08 HFS
Y  2.24 39 II 4682.32    0.41  -1.51        syn   -0.05   -0.11 HFS
Y  2.24 39 II 4854.87    0.99  -0.38        syn   -0.17   -0.23 HFS
Y  2.24 39 II 4883.68    1.08  +0.07        syn   -0.14   -0.20 HFS
Y  2.24 39 II 4900.11    1.03  -0.09        syn   -0.12   -0.18 HFS
Y  2.24 39 II 4982.13    1.03  -1.29        syn   -0.15   -0.21 HFS
Y  2.24 39 II 5087.42    1.08  -0.17        syn   -0.20   -0.26 HFS
Y  2.24 39 II 5119.11    0.99  -1.36        syn   -0.07   -0.13 HFS
Y  2.24 39 II 5200.41    0.99  -0.57        syn   -0.15   -0.21 HFS
Y  2.24 39 II 5205.73    1.03  -0.34        syn   +0.01   -0.05 HFS
Y  2.24 39 II 5289.82    1.03  -1.85        syn   -0.07   -0.13 HFS
Y  2.24 39 II 5320.78    1.08  -1.95        syn   -0.12   -0.18 HFS
Y  2.24 39 II 5473.39    1.74  -1.02        syn   -0.02   -0.08 HFS
Zr 2.60 40 I  3601.20    0.15  +0.47        syn   +0.47   +0.05
Zr 2.60 40 I  4072.70    0.69  +0.31        syn   +0.57   +0.15
Zr 2.60 40 I  4687.81    0.73  +0.55        syn   +0.67   +0.25
Zr 2.60 40 I  4710.08    0.69  +0.37        syn   +0.77   +0.35
Zr 2.60 40 I  4772.31    0.62  +0.04        syn   +0.77   +0.35
Zr 2.60 40 II 3479.03    0.53  -0.69        syn   +0.74   +0.32
Zr 2.60 40 II 3479.39    0.71  +0.17        syn   +0.74   +0.32
Zr 2.60 40 II 3499.57    0.41  -0.81        syn   +0.55   +0.13
Zr 2.60 40 II 3607.38    1.24  -0.64        syn   +0.72   +0.30
Zr 2.60 40 II 4050.33    0.71  -1.00        syn   +0.62   +0.20
Zr 2.60 40 II 4071.09    1.00  -1.60        syn   +0.77   +0.35
Zr 2.60 40 II 4149.20    0.80  -0.03        syn   +0.61   +0.19
Zr 2.60 40 II 4161.21    0.71  -0.72        syn   +0.82   +0.40
Zr 2.60 40 II 4208.99    0.71  -0.46        syn   +0.71   +0.29
Zr 2.60 40 II 4317.32    0.71  -1.38        syn   +0.62   +0.20
Zr 2.60 40 II 4613.92    0.97  -1.52        syn   +0.73   +0.31
Zr 2.60 40 II 5112.28    1.66  -0.59        syn   +0.53   +0.11
Nb 1.42 41 II 3215.59    0.44  -0.19        syn   -0.37   +0.39 HFS
Mo 1.92 42 I  3798.25    0.00  +0.13        syn   +0.05   +0.31
Mo 1.92 42 I  3864.10    0.00  -0.01        syn   +0.00   +0.26
Ru 1.84 44 I  3436.74    0.15  +0.15        syn   +0.20   +0.54
Ru 1.84 44 I  3498.94    0.00  +0.31        syn   +0.26   +0.60
Ru 1.84 44 I  3728.03    0.00  +0.27        syn   +0.19   +0.53
Ru 1.84 44 I  3742.28    0.34  -0.18        syn   +0.23   +0.57
Ru 1.84 44 I  3798.90    0.15  -0.04        syn   +0.21   +0.55
Ru 1.84 44 I  3799.35    0.00  +0.02        syn   +0.21   +0.55
Rh 1.12 45 I  3434.89    0.00  +0.45        syn   -0.40   +0.66
Rh 1.12 45 I  3692.36    0.00  +0.17        syn   -0.55   +0.51
Rh 1.12 45 I  3700.91    0.19  -0.10        syn   -0.10   +0.96
Pd 1.69 46 I  3242.70    0.81  -0.07        syn   -0.05   +0.44
Pd 1.69 46 I  3404.58    0.81  +0.32        syn    0.00   +0.49
Pd 1.69 46 I  3516.94    0.94  -0.24        syn   -0.05   +0.44
Ag 1.24 47 I  3280.67    0.00  -0.04        syn   -0.45   +0.49 HFS, iso
Ag 1.24 47 I  3382.90    0.00  -0.35        syn   -0.55   +0.39 HFS, iso
Sn 2.00 50 I  3801.02    1.07  +0.74        syn < -0.4  < -0.2  limit
Ba 2.13 56 II 3891.78    2.51  +0.30        syn   +0.10   +0.15
Ba 2.13 56 II 4130.65    2.72  +0.53        syn   +0.25   +0.30
Ba 2.13 56 II 4166.00    2.72  -0.43        syn   +0.45   +0.50
Ba 2.13 56 II 4554.03    0.00  +0.14        syn   +0.22   +0.27 HFS, iso
Ba 2.13 56 II 4934.10    0.00  -0.16        syn   +0.17   +0.22 HFS, iso
Ba 2.13 56 II 5853.69    0.60  -0.91        syn   +0.07   +0.12 HFS, iso
Ba 2.13 56 II 6141.73    0.70  -0.08        syn   +0.22   +0.27 HFS, iso
Ba 2.13 56 II 6496.91    0.60  -0.38        syn   +0.16   +0.21 HFS, iso
La 1.14 57 II 3713.35    0.17  -0.80        syn   -0.67   +0.38 HFS
La 1.14 57 II 3794.77    0.24  +0.21        syn   -0.76   +0.29 HFS
La 1.14 57 II 3929.21    0.17  -0.32        syn   -0.82   +0.23 HFS
La 1.14 57 II 3949.10    0.40  +0.49        syn   -0.79   +0.26 HFS
La 1.14 57 II 3988.51    0.17  -0.06        syn   -0.77   +0.28 HFS
La 1.14 57 II 3995.74    0.17  -0.06        syn   -0.79   +0.26 HFS
La 1.14 57 II 4086.71    0.00  -0.07        syn   -0.84   +0.21 HFS
La 1.14 57 II 4123.22    0.32  +0.13        syn   -0.80   +0.25 HFS
La 1.14 57 II 4141.72    0.40  -0.66        syn   -0.64   +0.41 HFS
La 1.14 57 II 4322.51    0.17  -0.93        syn   -0.74   +0.31 HFS
La 1.14 57 II 4333.75    0.17  -0.06        syn   -0.79   +0.26 HFS
La 1.14 57 II 4429.91    0.23  -0.35        syn   -0.67   +0.38 HFS
La 1.14 57 II 4526.12    0.77  -0.59        syn   -0.74   +0.31 HFS
La 1.14 57 II 4558.46    0.32  -0.97        syn   -0.65   +0.40 HFS
La 1.14 57 II 4574.88    0.17  -1.08        syn   -0.68   +0.37 HFS
La 1.14 57 II 4605.78    0.71  -1.18        syn   -0.67   +0.38 HFS
La 1.14 57 II 4662.51    0.00  -1.24        syn   -0.70   +0.35 HFS
La 1.14 57 II 4716.44    0.77  -1.21        syn   -0.72   +0.33 HFS
La 1.14 57 II 4748.73    0.93  -0.54        syn   -0.78   +0.27 HFS
La 1.14 57 II 4804.04    0.23  -1.49        syn   -0.68   +0.37 HFS
La 1.14 57 II 4809.01    0.23  -1.40        syn   -0.75   +0.30 HFS
La 1.14 57 II 4920.98    0.13  -0.58        syn   -0.72   +0.33 HFS
La 1.14 57 II 4921.79    0.24  -0.45        syn   -0.77   +0.28 HFS
La 1.14 57 II 4986.83    0.17  -1.30        syn   -0.79   +0.26 HFS
La 1.14 57 II 5114.56    0.23  -1.03        syn   -0.74   +0.31 HFS
La 1.14 57 II 5122.99    0.32  -0.85        syn   -0.72   +0.33 HFS
La 1.14 57 II 5156.74    0.13  -1.85        syn   -0.67   +0.38 HFS
La 1.14 57 II 5163.59    0.24  -1.81        syn   -0.69   +0.36 HFS
La 1.14 57 II 5259.39    0.17  -1.95        syn   -0.75   +0.30 HFS
La 1.14 57 II 5290.84    0.00  -1.65        syn   -0.84   +0.21 HFS
La 1.14 57 II 5301.97    0.40  -1.14        syn   -0.70   +0.35 HFS
La 1.14 57 II 5303.53    0.32  -1.35        syn   -0.62   +0.43 HFS
La 1.14 57 II 5482.27    0.00  -2.23        syn   -0.77   +0.28 HFS
La 1.14 57 II 5797.57    0.24  -1.36        syn   -0.77   +0.28 HFS
La 1.14 57 II 6262.29    0.40  -1.22        syn   -0.74   +0.31 HFS
La 1.14 57 II 6390.48    0.32  -1.41        syn   -0.65   +0.40 HFS
Ce 1.55 58 II 4014.90    0.53  +0.14   14.8       -0.72   -0.09
Ce 1.55 58 II 4053.50    0.00  -0.71   22.5       -0.32   -0.09
Ce 1.55 58 II 4072.92    0.33  -0.71   10.2       -0.33   +0.31
Ce 1.55 58 II 4073.47    0.48  +0.23   29.4       -0.49   +0.09
Ce 1.55 58 II 4115.37    0.92  +0.10   10.2       -0.40   +0.23
Ce 1.55 58 II 4118.14    0.70  +0.19   17.2       -0.51   +0.12
Ce 1.55 58 II 4120.83    0.32  -0.21   19.2       -0.52   +0.11
Ce 1.55 58 II 4127.36    0.68  +0.35   24.8       -0.48   +0.15
Ce 1.55 58 II 4137.65    0.52  +0.44   38.8       -0.48   +0.15
Ce 1.55 58 II 4148.90    1.09  +0.04    8.2       -0.25   +0.38
Ce 1.55 58 II 4165.60    0.91  +0.53   25.4       -0.36   +0.27
Ce 1.55 58 II 4166.65    0.59  -0.99    5.5       -0.04   +0.59
Ce 1.55 58 II 4166.88    1.35  +0.60   10.2       -0.38   +0.25
Ce 1.55 58 II 4181.08    0.63  -0.32   13.4       -0.22   +0.41
Ce 1.55 58 II 4185.33    0.42  -0.56    8.3       -0.50   +0.13
Ce 1.55 58 II 4193.87    0.55  -0.48    8.2       -0.41   +0.22
Ce 1.55 58 II 4222.60    0.12  +0.02   37.0       -0.61   +0.02
Ce 1.55 58 II 4382.16    0.68  +0.20   24.0       -0.41   +0.22
Ce 1.55 58 II 4407.27    0.70  -0.60    6.5       -0.26   +0.37
Ce 1.55 58 II 4418.78    0.86  +0.28   18.2       -0.42   +0.21
Ce 1.55 58 II 4483.89    0.86  +0.15   14.2       -0.44   +0.19
Ce 1.55 58 II 4484.82    1.12  -0.33    3.0       -0.37   +0.26
Ce 1.55 58 II 4486.91    0.29  -0.26   27.2       -0.39   +0.24
Ce 1.55 58 II 4515.85    1.06  -0.24    3.2       -0.51   +0.12
Ce 1.55 58 II 4539.74    0.33  -0.02   31.6       -0.50   +0.13
Ce 1.55 58 II 4551.29    0.74  -0.47    8.1       -0.26   +0.37
Ce 1.55 58 II 4560.96    0.68  -0.17   10.4       -0.51   +0.20
Ce 1.55 58 II 4562.36    0.48  +0.23   38.1       -0.43   +0.20
Ce 1.55 58 II 4572.28    0.68  +0.29   28.8       -0.42   +0.21
Ce 1.55 58 II 4628.16    0.52  +0.20   32.6       -0.47   +0.16
Ce 1.55 58 II 4684.60    0.90  -0.34    4.8       -0.45   +0.18
Ce 1.55 58 II 4694.87    0.81  -0.69    3.6       -0.35   +0.28
Ce 1.55 58 II 4714.02    1.11  -0.34    3.6       -0.33   +0.30
Ce 1.55 58 II 4739.52    0.53  -1.02    5.3       -0.21   +0.42
Ce 1.55 58 II 4747.17    0.32  -1.27    3.6       -0.40   +0.23
Ce 1.55 58 II 4773.94    0.92  -0.29    4.1       -0.56   +0.07
Ce 1.55 58 II 4882.46    1.53  +0.29    2.9       -0.56   +0.07
Ce 1.55 58 II 4914.92    0.88  -0.77    2.7       -0.35   +0.28
Ce 1.55 58 II 4943.44    1.21  -0.36    2.1       -0.46   +0.17
Ce 1.55 58 II 5187.46    1.21  +0.15    8.5       -0.36   +0.27
Ce 1.55 58 II 5274.23    1.04  +0.15    9.6       -0.52   +0.11
Ce 1.55 58 II 5330.56    0.87  -0.46    4.6       -0.48   +0.15
Ce 1.55 58 II 5518.49    1.15  -0.67    1.7       -0.38   +0.25
Ce 1.55 58 II 5610.25    1.05  -0.69    3.0       -0.25   +0.38
Pr 0.71 59 II 3964.82    0.06  +0.12        syn   -1.09   +0.38 HFS
Pr 0.71 59 II 3965.26    0.20  +0.14        syn   -1.09   +0.38 HFS
Pr 0.71 59 II 4143.12    0.37  +0.61        syn   -0.94   +0.53 HFS
Pr 0.71 59 II 4164.16    0.20  +0.16        syn   -1.09   +0.38 HFS
Pr 0.71 59 II 4179.40    0.20  +0.48        syn   -1.09   +0.38 HFS
Pr 0.71 59 II 4189.49    0.37  +0.38        syn   -0.98   +0.49 HFS
Pr 0.71 59 II 4222.95    0.06  +0.27        syn   -1.04   +0.43 HFS
Pr 0.71 59 II 4405.83    0.55  -0.04        syn   -0.98   +0.49 HFS
Pr 0.71 59 II 4408.81    0.00  +0.18        syn   -1.09   +0.38 HFS
Pr 0.71 59 II 4449.83    0.20  -0.18        syn   -1.03   +0.44 HFS
Pr 0.71 59 II 4468.66    0.22  -0.09        syn   -0.98   +0.49 HFS
Pr 0.71 59 II 4496.47    0.06  -0.27        syn   -1.05   +0.42 HFS
Pr 0.71 59 II 4510.15    0.42  -0.02        syn   -1.08   +0.39 HFS
Pr 0.71 59 II 5135.15    0.95  +0.01        syn   -1.04   +0.43 HFS
Pr 0.71 59 II 5173.91    0.97  +0.38        syn   -1.04   +0.43 HFS
Pr 0.71 59 II 5206.54    0.95  -0.06        syn   -1.03   +0.44 HFS
Pr 0.71 59 II 5219.04    0.79  -0.05        syn   -1.12   +0.35 HFS
Pr 0.71 59 II 5220.01    0.79  +0.30        syn   -1.09   +0.38 HFS
Pr 0.71 59 II 5259.71    0.63  +0.12        syn   -1.13   +0.34 HFS
Pr 0.71 59 II 5292.61    0.65  -0.26        syn   -1.03   +0.44 HFS
Pr 0.71 59 II 5322.76    0.48  -0.32        syn   -0.93   +0.54 HFS
Nd 1.45 60 II 4004.00    0.06  -0.57   28.9       -0.44   +0.29
Nd 1.45 60 II 4011.06    0.47  -0.76   11.1       -0.27   +0.46
Nd 1.45 60 II 4012.70    0.00  -0.60   40.5       -0.23   +0.50
Nd 1.45 60 II 4013.22    0.18  -1.10    8.7       -0.42   +0.31
Nd 1.45 60 II 4021.33    0.32  -0.10   36.0       -0.42   +0.31
Nd 1.45 60 II 4038.12    0.18  -1.05   15.0       -0.20   +0.53
Nd 1.45 60 II 4041.06    0.47  -0.53   16.7       -0.29   +0.44
Nd 1.45 60 II 4043.59    0.32  -0.71   15.6       -0.34   +0.39
Nd 1.45 60 II 4059.95    0.20  -0.52   23.1       -0.46   +0.27
Nd 1.45 60 II 4061.08    0.47  +0.55   65.7       -0.18   +0.55
Nd 1.45 60 II 4069.26    0.06  -0.57   38.2       -0.25   +0.48
Nd 1.45 60 II 4211.29    0.20  -0.86   14.8       -0.41   +0.32
Nd 1.45 60 II 4368.63    0.06  -0.81   28.2       -0.31   +0.42
Nd 1.45 60 II 4385.66    0.20  -0.30   41.0       -0.37   +0.36
Nd 1.45 60 II 4446.38    0.20  -0.35   41.2       -0.33   +0.40
Nd 1.45 60 II 4462.98    0.56  +0.04   43.6       -0.23   +0.50
Nd 1.45 60 II 4465.06    0.00  -1.36   11.5       -0.35   +0.38
Nd 1.45 60 II 4471.40    0.00  -1.43   12.7       -0.24   +0.49
Nd 1.45 60 II 4485.94    0.38  -1.44    4.9       -0.20   +0.53
Nd 1.45 60 II 4497.26    0.47  -1.38    3.8       -0.26   +0.47
Nd 1.45 60 II 4501.81    0.20  -0.69   24.3       -0.37   +0.36
Nd 1.45 60 II 4513.33    0.06  -1.33   11.3       -0.32   +0.41
Nd 1.45 60 II 4542.60    0.74  -0.28   18.3       -0.26   +0.47
Nd 1.45 60 II 4556.73    0.18  -1.35    6.5       -0.42   +0.31
Nd 1.45 60 II 4561.17    0.00  -1.65    6.6       -0.35   +0.38
Nd 1.45 60 II 4563.22    0.18  -0.88   24.7       -0.21   +0.52
Nd 1.45 60 II 4567.61    0.20  -1.31    7.3       -0.38   +0.35
Nd 1.45 60 II 4594.45    0.20  -1.36    5.7       -0.45   +0.28
Nd 1.45 60 II 4612.46    0.06  -1.82    5.7       -0.17   +0.56
Nd 1.45 60 II 4647.75    0.20  -1.69    3.4       -0.37   +0.36
Nd 1.45 60 II 4703.57    0.38  -1.00   10.1       -0.33   +0.40
Nd 1.45 60 II 4706.54    0.00  -0.71   38.9       -0.34   +0.39
Nd 1.45 60 II 4724.36    0.74  -0.43   15.2       -0.24   +0.49
Nd 1.45 60 II 4797.15    0.56  -0.69   10.4       -0.42   +0.31
Nd 1.45 60 II 4825.48    0.18  -0.42   40.8       -0.38   +0.35
Nd 1.45 60 II 4859.03    0.32  -0.44   34.1       -0.32   +0.41
Nd 1.45 60 II 4902.04    0.06  -1.34   13.7       -0.28   +0.45
Nd 1.45 60 II 4947.02    0.56  -1.13    4.5       -0.39   +0.34
Nd 1.45 60 II 5033.51    1.14  -0.47    4.6       -0.32   +0.41
Nd 1.45 60 II 5063.72    0.97  -0.62    5.2       -0.32   +0.41
Nd 1.45 60 II 5066.83    0.56  -1.43    3.3       -0.25   +0.48
Nd 1.45 60 II 5092.79    0.38  -0.61   22.4       -0.37   +0.36
Nd 1.45 60 II 5130.59    1.30  +0.45   16.1       -0.44   +0.29
Nd 1.45 60 II 5132.33    0.56  -0.71   11.1       -0.41   +0.32
Nd 1.45 60 II 5143.34    0.18  -1.57    7.3       -0.24   +0.49
Nd 1.45 60 II 5165.13    0.68  -0.74    7.4       -0.43   +0.30
Nd 1.45 60 II 5212.36    0.20  -0.96   18.9       -0.35   +0.38
Nd 1.45 60 II 5234.19    0.55  -0.51   19.2       -0.36   +0.37
Nd 1.45 60 II 5249.58    0.97  +0.20   25.4       -0.37   +0.36
Nd 1.45 60 II 5255.51    0.20  -0.67   30.4       -0.38   +0.35
Nd 1.45 60 II 5293.16    0.82  +0.10   25.0       -0.48   +0.25
Nd 1.45 60 II 5306.46    0.86  -0.97    3.1       -0.38   +0.35
Nd 1.45 60 II 5311.45    0.98  -0.42    6.3       -0.45   +0.28
Nd 1.45 60 II 5319.81    0.55  -0.14   33.4       -0.41   +0.32
Nd 1.45 60 II 5356.97    1.26  -0.28    4.9       -0.36   +0.37
Nd 1.45 60 II 5371.93    1.41   0.00    5.7       -0.39   +0.34
Nd 1.45 60 II 5431.52    1.12  -0.47    3.9       -0.46   +0.27
Nd 1.45 60 II 5474.73    0.98  -0.86    2.6       -0.43   +0.30
Nd 1.45 60 II 5485.70    1.26  -0.12    6.9       -0.38   +0.35
Nd 1.45 60 II 5533.82    0.56  -1.23    4.5       -0.36   +0.37
Nd 1.45 60 II 5548.45    0.55  -1.27    4.2       -0.37   +0.36
Nd 1.45 60 II 5702.24    0.74  -0.88    4.9       -0.45   +0.28
Nd 1.45 60 II 5811.57    0.86  -0.86    3.7       -0.47   +0.26
Sm 1.00 62 II 4068.32    0.43  -0.76    7.5       -0.77   +0.41
Sm 1.00 62 II 4183.77    0.04  -1.05   14.2       -0.69   +0.49
Sm 1.00 62 II 4188.13    0.54  -0.44   16.0       -0.60   +0.58
Sm 1.00 62 II 4206.12    0.38  -0.72    8.9       -0.83   +0.35
Sm 1.00 62 II 4220.66    0.54  -0.44   11.4       -0.78   +0.40
Sm 1.00 62 II 4424.34    0.48  +0.14   44.9       -0.63   +0.55
Sm 1.00 62 II 4434.32    0.38  -0.07   40.6       -0.64   +0.54
Sm 1.00 62 II 4452.72    0.28  -0.41   31.8       -0.62   +0.56
Sm 1.00 62 II 4467.34    0.66  +0.15   29.6       -0.75   +0.43
Sm 1.00 62 II 4499.48    0.25  -0.87   12.3       -0.75   +0.43
Sm 1.00 62 II 4511.83    0.18  -0.82   22.1       -0.57   +0.61
Sm 1.00 62 II 4523.91    0.43  -0.39   22.7       -0.67   +0.51
Sm 1.00 62 II 4536.51    0.10  -1.28   11.2       -0.57   +0.62
Sm 1.00 62 II 4537.94    0.48  -0.48   17.6       -0.66   +0.52
Sm 1.00 62 II 4542.05    0.25  -1.04    9.6       -0.71   +0.47
Sm 1.00 62 II 4566.20    0.33  -0.59   19.4       -0.69   +0.49
Sm 1.00 62 II 4577.69    0.25  -0.65   20.9       -0.70   +0.48
Sm 1.00 62 II 4591.81    0.18  -1.12   11.6       -0.62   +0.56
Sm 1.00 62 II 4604.17    0.04  -1.39   10.8       -0.58   +0.60
Sm 1.00 62 II 4615.44    0.54  -0.69   11.6       -0.60   +0.58
Sm 1.00 62 II 4615.68    0.19  -0.84   19.7       -0.63   +0.55
Sm 1.00 62 II 4642.23    0.38  -0.46   24.2       -0.65   +0.53
Sm 1.00 62 II 4669.64    0.28  -0.53   26.5       -0.66   +0.52
Sm 1.00 62 II 4676.90    0.04  -0.87   25.7       -0.64   +0.54
Sm 1.00 62 II 4704.40    0.00  -0.86   28.3       -0.65   +0.53
Sm 1.00 62 II 4713.07    0.54  -0.80    9.2       -0.62   +0.56
Sm 1.00 62 II 4719.84    0.04  -1.24   14.8       -0.59   +0.59
Sm 1.00 62 II 4948.63    0.54  -0.95    7.0       -0.64   +0.54
Eu 0.52 63 II 3724.93    0.00  -0.09        syn   -0.78   +0.88 HFS, iso
Eu 0.52 63 II 3819.67    0.00  +0.51        syn   -0.98   +0.68 HFS, iso
Eu 0.52 63 II 3907.11    0.21  +0.17        syn   -0.93   +0.73 HFS, iso
Eu 0.52 63 II 3971.97    0.21  +0.27        syn   -0.86   +0.80 HFS, iso
Eu 0.52 63 II 4129.72    0.00  +0.22        syn   -0.78   +0.88 HFS, iso
Eu 0.52 63 II 4205.04    0.00  +0.21        syn   -0.93   +0.73 HFS, iso
Eu 0.52 63 II 4435.58    0.21  -0.11        syn   -0.88   +0.78 HFS, iso
Eu 0.52 63 II 5966.06    1.25  -1.04        syn   -0.81   +0.85 HFS, iso
Eu 0.52 63 II 6049.51    1.28  -0.80        syn   -0.75   +0.91 HFS, iso
Eu 0.52 63 II 6173.03    1.32  -0.86        syn   -0.88   +0.78 HFS, iso
Eu 0.52 63 II 6437.64    1.32  -0.32        syn   -0.78   +0.88 HFS, iso
Eu 0.52 63 II 6645.06    1.38  +0.12        syn   -0.92   +0.74 HFS, iso
Eu 0.52 63 II 7077.09    1.25  -0.72        syn   -0.88   +0.78 HFS, iso
Eu 0.52 63 II 7217.56    1.23  -0.35        syn   -0.90   +0.76 HFS, iso
Eu 0.52 63 II 7301.19    1.25  -0.39        syn   -0.92   +0.74 HFS, iso
Eu 0.52 63 II 7370.22    1.32  -0.29        syn   -0.85   +0.81 HFS, iso
Gd 1.12 64 II 3331.40    0.00  -0.14   30.0       -0.59   +0.47
Gd 1.12 64 II 3481.80    0.49  +0.23   34.5       -0.32   +0.74
Gd 1.12 64 II 3768.40    0.08  +0.36   55.5       -0.67   +0.39
Gd 1.12 64 II 3996.31    1.13  +0.09    9.5       -0.45   +0.61
Gd 1.12 64 II 4037.89    0.56  -0.49   11.4       -0.51   +0.55
Gd 1.12 64 II 4046.84    1.45  -0.03    3.8       -0.38   +0.68
Gd 1.12 64 II 4085.56    0.73  -0.01   14.0       -0.67   +0.39
Gd 1.12 64 II 4130.37    0.73  +0.14   27.0       -0.46   +0.60
Gd 1.12 64 II 4191.07    0.43  -0.65   16.0       -0.37   +0.69
Gd 1.12 64 II 4215.02    0.43  -0.55   17.5       -0.43   +0.63
Gd 1.12 64 II 4419.03    0.49  -1.01    9.4       -0.25   +0.81
Tb 0.28 65 II 3218.92    0.42  +0.45        syn   -1.12   +0.78
Tb 0.28 65 II 3219.98    0.40  +0.55        syn   -1.15   +0.75 HFS
Tb 0.28 65 II 3568.51    0.00  +0.36        syn   -1.29   +0.61 HFS
Tb 0.28 65 II 3600.41    0.64  -0.20        syn   -1.15   +0.75 HFS
Tb 0.28 65 II 3658.89    0.13  -0.01        syn   -1.29   +0.61 HFS
Tb 0.28 65 II 3702.85    0.13  +0.44        syn   -1.32   +0.58 HFS
Tb 0.28 65 II 3747.38    0.40  +0.13        syn   -1.17   +0.73 HFS
Tb 0.28 65 II 3874.17    0.00  +0.27        syn   -1.19   +0.71 HFS
Dy 1.10 66 II 3460.97    0.00  -0.07   51.0       -0.34   +0.74
Dy 1.10 66 II 3506.82    0.10  -0.60   29.0       -0.30   +0.78
Dy 1.10 66 II 3536.02    0.54  +0.53   51.6       -0.22   +0.86
Dy 1.10 66 II 3546.83    0.10  -0.55   34.4       -0.26   +0.82
Dy 1.10 66 II 3550.22    0.59  +0.27   38.3       -0.32   +0.76
Dy 1.10 66 II 3563.15    0.10  -0.36   39.6       -0.28   +0.80
Dy 1.10 66 II 3694.81    0.10  -0.11        syn   -0.28   +0.80
Dy 1.10 66 II 3788.44    0.10  -0.57   37.3       -0.35   +0.73
Dy 1.10 66 II 3983.65    0.54  -0.31   24.2       -0.31   +0.77
Dy 1.10 66 II 3996.69    0.59  -0.26        syn   -0.38   +0.70
Dy 1.10 66 II 4050.57    0.59  -0.47        syn   -0.31   +0.77
Dy 1.10 66 II 4073.12    0.54  -0.32        syn   -0.38   +0.70
Dy 1.10 66 II 4103.31    0.10  -0.38        syn   -0.18   +0.90
Dy 1.10 66 II 4468.14    0.10  -1.67    7.0       -0.40   +0.68
Dy 1.10 66 II 5169.69    0.10  -1.95    4.5       -0.46   +0.62
Ho 0.51 67 II 3416.44    0.08  +0.26        syn   -0.99   +0.68 HFS
Ho 0.51 67 II 3456.00    0.00  +0.76        syn   -0.91   +0.76 HFS
Ho 0.51 67 II 3484.00    0.08  +0.28        syn   -0.99   +0.68 HFS
Ho 0.51 67 II 3796.00    0.00  +0.16        syn   -1.04   +0.63 HFS
Ho 0.51 67 II 3810.00    0.00  +0.19        syn   -0.99   +0.68 HFS
Ho 0.51 67 II 3890.00    0.08  +0.46        syn   -1.04   +0.63 HFS
Ho 0.51 67 II 4045.00    0.00  -0.05        syn   -0.94   +0.73 HFS
Ho 0.51 67 II 4152.00    0.08  -0.93        syn   -0.84   +0.83 HFS
Tm 0.13 69 II 3462.20    0.00  +0.03        syn   -1.39   +0.66
Tm 0.13 69 II 3700.26    0.03  -0.38        syn   -1.37   +0.68
Tm 0.13 69 II 3701.36    0.00  -0.54        syn   -1.37   +0.68
Tm 0.13 69 II 3795.76    0.03  -0.23        syn   -1.45   +0.60
Tm 0.13 69 II 3848.02    0.00  -0.14        syn   -1.27   +0.78
Tm 0.13 69 II 3996.51    0.00  -1.20        syn   -1.40   +0.65
Yb 1.08 70 II 3694.37    0.00  -0.30        syn   -0.51   +0.59 HFS, iso
Lu 0.12 71 II 3397.07    1.46  -0.19        syn < -1.40 < +0.7  limit
Lu 0.12 71 II 3472.48    1.54  -0.19        syn < -1.00 < +1.1  limit
Lu 0.12 71 II 3554.42    2.15  +0.14        syn < -0.90 < +1.2  limit
Hf 0.88 72 II 3505.21    1.04  -0.08        syn   -0.81   +0.49
Hf 0.88 72 II 3535.55    0.61  -0.54        syn   -0.88   +0.42
Hf 0.88 72 II 3719.28    0.61  -0.87        syn   -0.88   +0.42
Hf 0.88 72 II 3918.08    0.45  -1.01        syn   -0.78   +0.52
Hf 0.88 72 II 4093.16    0.45  -1.09        syn   -0.83   +0.47
W  0.68 74 I  4008.75    0.37  -0.45        syn < -0.6  < +0.9  limit
W  0.68 74 I  4074.36    0.37  -0.74        syn < -0.6  < +0.9  limit
Os 1.45 76 I  3232.05    0.52  -0.75        syn   +0.17   +0.90
Os 1.45 76 I  3267.95    0.00  -1.08        syn   +0.22   +0.95
Os 1.45 76 I  3301.57    0.00  -0.75        syn   +0.28   +1.01
Os 1.45 76 I  3528.60    0.00  -1.74        syn   +0.17   +0.90
Os 1.45 76 I  4135.78    0.52  -1.26        syn   +0.20   +0.93
Os 1.45 76 I  4260.80    0.00  -1.44        syn   -0.03   +0.70
Os 1.45 76 I  4420.47    0.00  -1.53        syn   +0.14   +0.87
Ir 1.35 77 I  3513.65    0.00  -1.26        syn   +0.11   +0.94
Ir 1.35 77 I  3800.12    0.00  -1.45        syn   -0.07   +0.76
Pb 1.85 82 I  3683.46    0.97  -0.60        syn   +0.06   +0.39
Pb 1.85 82 I  4057.81    1.32  -0.17        syn   -0.24   +0.09
Th 0.12 90 II 3539.59    0.00  -0.54        syn   -1.49   +0.57
Th 0.12 90 II 3675.57    0.19  -0.84        syn   -1.46   +0.60
Th 0.12 90 II 3741.18    0.19  -0.17        syn   -1.42   +0.64
Th 0.12 90 II 4019.12    0.00  -0.23        syn   -1.46   +0.60
Th 0.12 90 II 4086.52    0.00  -0.93        syn   -1.54   +0.52
Th 0.12 90 II 4094.75    0.00  -0.89        syn   -1.39   +0.67
Th 0.12 90 II 5989.05    0.19  -1.41        syn   -1.49   +0.57
