    1    8.0    6300.30   0.00    -9.78    0.000 1    
    2    8.0    6363.78   0.02   -10.30    0.000 1    
    3   11.0    5682.65   2.10    -0.70    0.000 2    
    4   11.0    5688.19   2.10    -0.42    0.000 1    
    5   11.0    5889.95   0.00     0.11    0.000 2    
    6   11.0    5895.92   0.00    -0.19    0.000 2    
    7   11.0    6154.23   2.10    -1.53    0.000 1    
    8   11.0    6160.75   2.10    -1.23    0.000 1    
    9   12.0    4571.10   0.00    -5.57    0.000 2    
   10   12.0    4703.00   4.35    -0.38    0.000 2    
   11   12.0    4730.04   4.35    -2.35    0.000 3    
   12   12.0    5172.70   2.71    -0.45    0.000 4    
   13   12.0    5183.62   2.72    -0.24    0.000 4    
   14   12.0    5528.42   4.35    -0.34    0.000 2    
   15   12.0    5711.09   4.34    -1.63    0.000 2    
   16   13.0    6696.03   3.14    -1.34    0.000 3    
   17   13.0    6698.67   3.14    -1.64    0.000 3    
   18   14.0    5645.62   4.93    -1.63    0.000 3    
   19   14.0    5665.55   4.92    -2.04    0.000 1    
   20   14.0    5684.49   4.95    -1.42    0.000 3    
   21   14.0    5690.43   4.93    -1.87    0.000 1    
   22   14.0    5701.10   4.93    -2.05    0.000 1    
   23   14.0    5772.15   5.08    -1.75    0.000 1    
   24   14.0    5793.07   4.93    -2.06    0.000 1    
   25   14.0    5948.54   5.08    -1.23    0.000 1    
   26   14.0    6142.49   5.62    -1.48    0.000 2    
   27   14.0    6145.02   5.61    -1.37    0.000 2    
   28   14.0    6155.13   5.62    -0.76    0.000 1    
   29   14.0    6237.32   5.62    -1.01    0.000 1    
   30   14.0    6721.84   5.86    -0.94    0.000 1    
   31   20.0    4283.01   1.89    -0.22    0.000 3    
   32   20.0    4318.66   1.90    -0.21    0.000 3    
   33   20.0    4425.44   1.88    -0.36    0.000 3    
   34   20.0    4435.69   1.89    -0.52    0.000 3    
   35   20.0    4526.93   2.71    -0.42    0.000 3    
   36   20.0    4578.56   2.52    -0.56    0.000 3    
   37   20.0    5261.71   2.52    -0.73    0.000 3    
   38   20.0    5349.47   2.71    -0.31    0.000 2    
   39   20.0    5512.99   2.93    -0.27    0.000 1    
   40   20.0    5581.96   2.52    -0.47    0.000 1    
   41   20.0    5588.76   2.51     0.36    0.000 2    
   42   20.0    5590.13   2.51    -0.71    0.000 2    
   43   20.0    5594.47   2.51    -0.05    0.000 3    
   44   20.0    5601.28   2.52    -0.44    0.000 1    
   45   20.0    5857.46   2.93     0.24    0.000 2    
   46   20.0    6122.23   1.89    -0.32    0.000 2    
   47   20.0    6156.02   2.52    -2.19    0.000 1    
   48   20.0    6161.30   2.52    -1.27    0.000 2    
   49   20.0    6162.17   1.90    -0.09    0.000 1    
   50   20.0    6166.44   2.52    -1.14    0.000 2    
   51   20.0    6169.04   2.52    -0.80    0.000 2    
   52   20.0    6169.56   2.52    -0.48    0.000 2    
   53   20.0    6449.82   2.52    -0.55    0.000 3    
   54   20.0    6471.67   2.52    -0.69    0.000 2    
   55   20.0    6493.79   2.52    -0.11    0.000 2    
   56   20.0    6499.65   2.52    -0.82    0.000 2    
   57   20.0    6717.69   2.71    -0.52    0.000 2    
   58   20.1    5001.47   7.50    -0.52    0.000 3    
   59   21.1    4246.82   0.32     0.24    0.000 5    
   60   21.1    4400.39   0.61    -0.54    0.000 2    
   61   21.1    5031.02   1.36    -0.40    0.000 2    
   62   21.1    5239.82   1.45    -0.76    0.000 2    
   63   21.1    5526.82   1.77     0.02    0.000 2    
   64   21.1    5640.99   1.50    -1.13    0.000 2    
   65   21.1    5657.88   1.51    -0.60    0.000 2    
   66   21.1    5667.15   1.50    -1.36    0.000 2    
   67   21.1    5669.04   1.50    -1.12    0.000 1    
   68   21.1    5684.20   1.51    -1.08    0.000 1    
   69   21.1    6245.62   1.51    -1.07    0.000 2    
   70   21.1    6604.60   1.36    -1.31    0.000 2    
   71   22.0    4512.74   0.84    -0.48    0.000 3    
   72   22.0    4518.03   0.83    -0.32    0.000 2    
   73   22.0    4533.25   0.85     0.48    0.000 2    
   74   22.0    4534.78   0.84     0.28    0.000 2    
   75   22.0    4548.77   0.83    -0.35    0.000 3    
   76   22.0    4555.49   0.85    -0.49    0.000 3    
   77   22.0    4562.64   0.02    -2.66    0.000 3    
   78   22.0    4617.28   1.75     0.39    0.000 3    
   79   22.0    4681.92   0.05    -1.07    0.000 3    
   80   22.0    4758.12   2.25     0.43    0.000 3    
   81   22.0    4759.28   2.25     0.51    0.000 3    
   82   22.0    4778.26   2.24    -0.21    0.000 3    
   83   22.0    4820.41   1.50    -0.44    0.000 3    
   84   22.0    4981.74   0.85     0.50    0.000 2    
   85   22.0    4997.10   0.00    -2.12    0.000 3    
   86   22.0    4999.51   0.83     0.25    0.000 5    
   87   22.0    5009.66   0.02    -2.26    0.000 3    
   88   22.0    5016.17   0.85    -0.57    0.000 3    
   89   22.0    5022.87   0.83    -0.43    0.000 5    
   90   22.0    5024.85   0.82    -0.60    0.000 5    
   91   22.0    5039.96   0.02    -1.13    0.000 2    
   92   22.0    5043.59   0.84    -1.73    0.000 3    
   93   22.0    5062.10   2.16    -0.46    0.000 3    
   94   22.0    5064.66   0.05    -0.99    0.000 2    
   95   22.0    5113.45   1.44    -0.78    0.000 3    
   96   22.0    5145.47   1.46    -0.57    0.000 3    
   97   22.0    5147.48   0.00    -2.01    0.000 3    
   98   22.0    5173.75   0.00    -1.12    0.000 2    
   99   22.0    5192.98   0.02    -1.01    0.000 2    
  100   22.0    5201.10   2.09    -0.75    0.000 3    
  101   22.0    5210.39   0.05    -0.88    0.000 2    
  102   22.0    5219.71   0.02    -2.29    0.000 3    
  103   22.0    5223.63   2.09    -0.56    0.000 3    
  104   22.0    5295.78   1.05    -1.63    0.000 3    
  105   22.0    5426.26   0.02    -3.01    0.000 1    
  106   22.0    5471.20   1.44    -1.39    0.000 1    
  107   22.0    5474.21   1.46    -1.23    0.000 1    
  108   22.0    5490.15   1.46    -0.93    0.000 1    
  109   22.0    5644.14   2.27     0.05    0.000 1    
  110   22.0    5648.57   2.49    -0.25    0.000 1    
  111   22.0    5662.16   2.32    -0.11    0.000 3    
  112   22.0    5679.94   2.47    -0.57    0.000 1    
  113   22.0    5689.48   2.30    -0.47    0.000 3    
  114   22.0    5702.69   2.29    -0.57    0.000 1    
  115   22.0    5739.46   2.25    -0.60    0.000 1    
  116   22.0    5739.98   2.24    -0.67    0.000 1    
  117   22.0    5766.33   3.29     0.36    0.000 1    
  118   22.0    5866.45   1.07    -0.84    0.000 1    
  119   22.0    5880.27   1.05    -2.05    0.000 1    
  120   22.0    5903.32   1.07    -2.14    0.000 1    
  121   22.0    5922.11   1.05    -1.47    0.000 1    
  122   22.0    5937.81   1.07    -1.89    0.000 1    
  123   22.0    5941.75   1.05    -1.52    0.000 1    
  124   22.0    5953.16   1.89    -0.33    0.000 1    
  125   22.0    5965.83   1.88    -0.41    0.000 1    
  126   22.0    5978.54   1.87    -0.50    0.000 1    
  127   22.0    6064.63   1.05    -1.94    0.000 1    
  128   22.0    6091.18   2.27    -0.42    0.000 3    
  129   22.0    6092.80   1.89    -1.38    0.000 1    
  130   22.0    6126.22   1.07    -1.42    0.000 1    
  131   22.0    6258.10   1.44    -0.35    0.000 1    
  132   22.0    6258.71   1.46    -0.24    0.000 1    
  133   22.0    6261.11   1.43    -0.48    0.000 3    
  134   22.0    6303.76   1.44    -1.57    0.000 1    
  135   22.0    6312.22   1.46    -1.55    0.000 1    
  136   22.0    6743.12   0.90    -1.63    0.000 1    
  137   22.0    6861.45   2.27    -0.74    0.000 1    
  138   22.1    4312.86   1.18    -1.16    0.000 3    
  139   22.1    4394.06   1.22    -1.77    0.000 2    
  140   22.1    4395.84   1.24    -1.97    0.000 2    
  141   22.1    4399.77   1.24    -1.27    0.000 2    
  142   22.1    4417.72   1.16    -1.43    0.000 3    
  143   22.1    4418.33   1.24    -1.99    0.000 2    
  144   22.1    4443.81   1.08    -0.70    0.000 2    
  145   22.1    4444.56   1.12    -2.21    0.000 2    
  146   22.1    4450.49   1.08    -1.45    0.000 2    
  147   22.1    4468.51   1.13    -0.60    0.000 2    
  148   22.1    4501.28   1.12    -0.76    0.000 2    
  149   22.1    4544.02   1.24    -2.41    0.000 3    
  150   22.1    4563.77   1.22    -0.96    0.000 5    
  151   22.1    4568.33   1.22    -2.65    0.000 3    
  152   22.1    4571.98   1.57    -0.53    0.000 5    
  153   22.1    4583.42   1.16    -2.72    0.000 3    
  154   22.1    4589.95   1.24    -1.79    0.000 5    
  155   22.1    4609.27   1.18    -3.26    0.000 3    
  156   22.1    4708.67   1.24    -2.21    0.000 5    
  157   22.1    4762.78   1.08    -2.71    0.000 3    
  158   22.1    4779.98   2.05    -1.37    0.000 3    
  159   22.1    4798.54   1.08    -2.43    0.000 3    
  160   22.1    4805.09   2.06    -1.12    0.000 3    
  161   22.1    4865.62   1.12    -2.59    0.000 3    
  162   22.1    4874.01   3.09    -0.79    0.000 3    
  163   22.1    4981.36   1.57    -3.16    0.000 3    
  164   22.1    5005.17   1.57    -2.54    0.000 3    
  165   22.1    5129.16   1.89    -1.39    0.000 5    
  166   22.1    5154.07   1.57    -1.92    0.000 5    
  167   22.1    5185.91   1.89    -1.35    0.000 5    
  168   22.1    5336.79   1.58    -1.63    0.000 2    
  169   22.1    5381.01   1.57    -1.97    0.000 2    
  170   22.1    5418.78   1.58    -2.11    0.000 2    
  171   22.1    6606.98   2.06    -2.79    0.000 2    
  172   23.0    4379.23   0.30     0.58    0.000 3    
  173   23.0    4389.98   0.28     0.20    0.000 3    
  174   23.0    4406.63   0.30    -0.19    0.000 3    
  175   23.0    4831.65   0.02    -1.38    0.000 3    
  176   23.0    4851.47   0.00    -1.14    0.000 2    
  177   23.0    4864.74   0.02    -0.96    0.000 3    
  178   23.0    4875.49   0.04    -0.81    0.000 3    
  179   23.0    5627.64   1.08    -0.37    0.000 3    
  180   23.0    5670.86   1.08    -0.42    0.000 3    
  181   23.0    5698.53   1.06    -0.11    0.000 3    
  182   23.0    5703.59   1.05    -0.21    0.000 3    
  183   23.0    5727.06   1.08    -0.01    0.000 3    
  184   23.0    6039.73   1.06    -0.65    0.000 2    
  185   23.0    6081.45   1.05    -0.58    0.000 2    
  186   23.0    6090.22   1.08    -0.06    0.000 2    
  187   23.0    6119.53   1.06    -0.32    0.000 2    
  188   23.0    6199.20   0.29    -1.28    0.000 1    
  189   23.0    6243.10   0.30    -0.98    0.000 1    
  190   23.0    6251.82   0.29    -1.34    0.000 1    
  191   23.0    6274.64   0.27    -1.67    0.000 1    
  192   23.0    6285.14   0.28    -1.51    0.000 1    
  193   23.0    6452.31   1.20    -1.21    0.000 3    
  194   24.0    4254.33   0.00    -0.09    0.000 3    
  195   24.0    4274.80   0.00    -0.22    0.000 3    
  196   24.0    4371.26   1.00    -1.27    0.000 6    
  197   24.0    4373.26   0.98    -2.30    0.000 6    
  198   24.0    4412.23   1.03    -2.67    0.000 6    
  199   24.0    4511.90   3.09    -0.34    0.000 3    
  200   24.0    4526.44   2.54    -0.15    0.000 6    
  201   24.0    4535.12   2.54    -1.02    0.000 6    
  202   24.0    4545.95   0.94    -1.37    0.000 3    
  203   24.0    4580.04   0.94    -1.66    0.000 3    
  204   24.0    4591.39   0.97    -1.74    0.000 6    
  205   24.0    4600.74   1.00    -1.25    0.000 3    
  206   24.0    4616.12   0.98    -1.19    0.000 3    
  207   24.0    4626.17   0.97    -1.33    0.000 3    
  208   24.0    4646.15   1.03    -0.74    0.000 3    
  209   24.0    4651.28   0.98    -1.46    0.000 3    
  210   24.0    4652.15   1.00    -1.04    0.000 3    
  211   24.0    4664.79   3.12    -0.30    0.000 6    
  212   24.0    4666.20   2.97    -0.88    0.000 6    
  213   24.0    4666.48   3.14    -0.34    0.000 6    
  214   24.0    4695.15   2.98    -1.12    0.000 6    
  215   24.0    4700.62   2.71    -1.25    0.000 3    
  216   24.0    4708.02   3.17     0.07    0.000 3    
  217   24.0    4718.43   3.19     0.24    0.000 6    
  218   24.0    4724.41   3.09    -0.73    0.000 3    
  219   24.0    4730.72   3.08    -0.19    0.000 3    
  220   24.0    4737.35   3.09    -0.10    0.000 3    
  221   24.0    4790.34   2.55    -1.48    0.000 6    
  222   24.0    4801.03   3.12    -0.13    0.000 3    
  223   24.0    4870.80   3.08    -0.01    0.000 6    
  224   24.0    5067.72   2.71    -1.07    0.000 6    
  225   24.0    5144.66   2.71    -1.37    0.000 6    
  226   24.0    5208.42   0.94     0.17    0.000 3    
  227   24.0    5214.13   3.37    -0.74    0.000 3    
  228   24.0    5224.07   3.41    -0.87    0.000 6    
  229   24.0    5238.96   2.71    -1.27    0.000 3    
  230   24.0    5243.36   3.39    -0.58    0.000 3    
  231   24.0    5247.57   0.96    -1.59    0.000 3    
  232   24.0    5265.16   3.43    -0.35    0.000 6    
  233   24.0    5272.01   3.45    -0.42    0.000 3    
  234   24.0    5287.20   3.44    -0.87    0.000 6    
  235   24.0    5296.69   0.98    -1.36    0.000 2    
  236   24.0    5300.74   0.98    -2.00    0.000 3    
  237   24.0    5312.87   3.45    -0.55    0.000 3    
  238   24.0    5318.81   3.44    -0.67    0.000 3    
  239   24.0    5345.80   1.00    -0.95    0.000 2    
  240   24.0    5348.31   1.00    -1.21    0.000 2    
  241   24.0    5409.77   1.03    -0.67    0.000 2    
  242   24.0    5702.32   3.45    -0.67    0.000 6    
  243   24.0    5783.09   3.32    -0.50    0.000 1    
  244   24.0    5783.89   3.32    -0.29    0.000 1    
  245   24.0    5785.02   3.32    -0.38    0.000 1    
  246   24.0    5787.93   3.32    -0.08    0.000 1    
  247   24.0    5844.59   3.01    -1.77    0.000 6    
  248   24.0    6630.03   1.03    -3.56    0.000 1    
  249   24.1    4554.99   4.07    -1.37    0.000 2    
  250   24.1    4558.65   4.07    -0.66    0.000 7    
  251   24.1    4588.20   4.07    -0.83    0.000 7    
  252   24.1    4592.06   4.07    -1.42    0.000 7    
  253   24.1    4618.80   4.07    -1.00    0.000 7    
  254   24.1    4634.07   4.07    -0.98    0.000 7    
  255   24.1    4824.13   3.87    -0.92    0.000 7    
  256   24.1    4848.23   3.87    -1.00    0.000 7    
  257   24.1    5237.33   4.07    -1.15    0.000 2    
  258   24.1    5313.59   4.07    -1.64    0.000 3    
  259   25.0    4451.59   2.89     0.28    0.000 3    
  260   25.0    4709.72   2.89    -0.34    0.000 3    
  261   25.0    4739.11   2.94    -0.49    0.000 3    
  262   25.0    4754.04   2.28    -0.09    0.000 3    
  263   25.0    4761.53   2.95    -0.14    0.000 3    
  264   25.0    4762.38   2.89     0.43    0.000 2    
  265   25.0    4783.43   2.30     0.04    0.000 3    
  266   25.0    5394.67   0.00    -3.50    0.000 3    
  267   25.0    5420.37   2.14    -1.46    0.000 3    
  268   25.0    5432.55   0.00    -3.80    0.000 3    
  269   25.0    5537.74   2.19    -2.02    0.000 1    
  270   25.0    6013.50   3.07    -0.25    0.000 3    
  271   25.0    6021.80   3.08     0.03    0.000 2    
  272   26.0    4202.04   1.49    -0.71    0.000 8    
  273   26.0    4216.19   0.00    -3.36    0.000 8    
  274   26.0    4217.56   3.43    -0.48    0.000 8    
  275   26.0    4222.22   2.45    -0.97    0.000 8    
  276   26.0    4227.44   3.33     0.27    0.000 8    
  277   26.0    4229.77   1.49    -3.43    0.000 8    
  278   26.0    4232.73   0.11    -4.93    0.000 8    
  279   26.0    4233.61   2.48    -0.60    0.000 8    
  280   26.0    4235.95   2.42    -0.34    0.000 8    
  281   26.0    4238.81   3.40    -0.23    0.000 8    
  282   26.0    4250.13   2.47    -0.41    0.000 8    
  283   26.0    4250.80   1.56    -0.71    0.000 8    
  284   26.0    4260.49   2.40     0.08    0.000 8    
  285   26.0    4271.16   2.45    -0.35    0.000 8    
  286   26.0    4282.41   2.18    -0.78    0.000 8    
  287   26.0    4294.14   1.49    -1.11    0.000 8    
  288   26.0    4347.24   0.00    -5.50    0.000 8    
  289   26.0    4375.94   0.00    -3.03    0.000 8    
  290   26.0    4383.56   1.49     0.20    0.000 8    
  291   26.0    4388.41   3.60    -0.68    0.000 8    
  292   26.0    4389.25   0.05    -4.58    0.000 8    
  293   26.0    4404.76   1.56    -0.14    0.000 8    
  294   26.0    4415.13   1.61    -0.62    0.000 8    
  295   26.0    4427.32   0.05    -3.04    0.000 8    
  296   26.0    4430.62   2.22    -1.66    0.000 8    
  297   26.0    4439.89   2.28    -3.00    0.000 8    
  298   26.0    4442.35   2.20    -1.25    0.000 8    
  299   26.0    4445.48   0.09    -5.44    0.000 8    
  300   26.0    4447.73   2.22    -1.34    0.000 8    
  301   26.0    4461.66   0.09    -3.21    0.000 8    
  302   26.0    4471.68   0.11    -5.99    0.000 8    
  303   26.0    4489.75   0.12    -3.97    0.000 8    
  304   26.0    4494.57   2.20    -1.14    0.000 8    
  305   26.0    4523.41   3.65    -1.96    0.000 8    
  306   26.0    4528.61   2.18    -0.82    0.000 8    
  307   26.0    4531.16   1.49    -2.15    0.000 8    
  308   26.0    4551.65   3.94    -2.03    0.000 8    
  309   26.0    4574.23   3.21    -2.45    0.000 8    
  310   26.0    4592.66   1.56    -2.45    0.000 8    
  311   26.0    4593.53   3.94    -2.03    0.000 8    
  312   26.0    4602.01   1.61    -3.15    0.000 8    
  313   26.0    4602.95   1.49    -2.22    0.000 8    
  314   26.0    4630.12   2.28    -2.59    0.000 8    
  315   26.0    4632.92   1.61    -2.91    0.000 8    
  316   26.0    4647.43   2.95    -1.35    0.000 8    
  317   26.0    4658.30   3.27    -2.99    0.000 8    
  318   26.0    4672.84   1.61    -4.24    0.000 3    
  319   26.0    4779.45   3.41    -2.02    0.000 8    
  320   26.0    4788.76   3.24    -1.76    0.000 8    
  321   26.0    4789.65   3.55    -0.91    0.000 3    
  322   26.0    4794.36   2.42    -4.05    0.000 3    
  323   26.0    4802.52   4.61    -1.82    0.000 3    
  324   26.0    4808.16   3.25    -2.74    0.000 8    
  325   26.0    4809.94   3.57    -2.68    0.000 8    
  326   26.0    4871.33   2.87    -0.36    0.000 8    
  327   26.0    4872.14   2.88    -0.57    0.000 8    
  328   26.0    4890.76   2.88    -0.39    0.000 8    
  329   26.0    4891.50   2.85    -0.11    0.000 8    
  330   26.0    4892.87   4.22    -1.29    0.000 3    
  331   26.0    4994.14   0.92    -3.08    0.000 8    
  332   26.0    4995.41   4.26    -1.87    0.000 8    
  333   26.0    5001.87   3.88    -0.01    0.000 8    
  334   26.0    5014.94   3.94    -0.30    0.000 8    
  335   26.0    5049.83   2.28    -1.36    0.000 8    
  336   26.0    5051.64   0.92    -2.80    0.000 8    
  337   26.0    5058.49   3.64    -2.83    0.000 3    
  338   26.0    5068.77   2.94    -1.04    0.000 8    
  339   26.0    5074.75   4.22    -0.23    0.000 8    
  340   26.0    5083.35   0.96    -2.96    0.000 8    
  341   26.0    5110.44   0.00    -3.76    0.000 8    
  342   26.0    5123.73   1.01    -3.07    0.000 8    
  343   26.0    5125.12   4.22    -0.08    0.000 2    
  344   26.0    5127.37   0.92    -3.31    0.000 8    
  345   26.0    5131.48   2.22    -2.52    0.000 8    
  346   26.0    5133.69   4.18     0.20    0.000 2    
  347   26.0    5141.74   2.42    -2.24    0.000 8    
  348   26.0    5145.09   2.20    -2.88    0.000 8    
  349   26.0    5150.85   0.99    -3.04    0.000 8    
  350   26.0    5151.92   1.01    -3.32    0.000 8    
  351   26.0    5162.28   4.18     0.02    0.000 2    
  352   26.0    5166.28   0.00    -4.20    0.000 8    
  353   26.0    5171.61   1.49    -1.79    0.000 8    
  354   26.0    5187.92   4.14    -1.37    0.000 8    
  355   26.0    5191.47   3.04    -0.55    0.000 8    
  356   26.0    5192.35   3.00    -0.42    0.000 8    
  357   26.0    5194.95   1.56    -2.09    0.000 8    
  358   26.0    5198.72   2.22    -2.13    0.000 8    
  359   26.0    5202.34   2.18    -1.84    0.000 8    
  360   26.0    5216.28   1.61    -2.15    0.000 8    
  361   26.0    5217.40   3.21    -1.16    0.000 8    
  362   26.0    5223.19   3.63    -1.78    0.000 8    
  363   26.0    5225.53   0.11    -4.79    0.000 8    
  364   26.0    5232.95   2.94    -0.06    0.000 8    
  365   26.0    5242.46   3.63    -0.97    0.000 8    
  366   26.0    5243.78   4.26    -1.12    0.000 8    
  367   26.0    5247.06   0.09    -4.95    0.000 8    
  368   26.0    5250.22   0.12    -4.94    0.000 8    
  369   26.0    5253.03   2.28    -3.94    0.000 3    
  370   26.0    5254.95   0.11    -4.76    0.000 8    
  371   26.0    5266.56   3.00    -0.38    0.000 8    
  372   26.0    5269.55   0.86    -1.32    0.000 8    
  373   26.0    5281.80   3.04    -0.83    0.000 8    
  374   26.0    5283.63   3.24    -0.52    0.000 8    
  375   26.0    5294.55   3.64    -2.81    0.000 8    
  376   26.0    5295.32   4.41    -1.67    0.000 8    
  377   26.0    5302.31   3.28    -0.72    0.000 8    
  378   26.0    5307.37   1.61    -2.99    0.000 8    
  379   26.0    5321.11   4.43    -1.09    0.000 8    
  380   26.0    5322.01   2.28    -2.80    0.000 8    
  381   26.0    5324.19   3.21    -0.10    0.000 8    
  382   26.0    5332.92   1.56    -2.78    0.000 8    
  383   26.0    5339.94   3.27    -0.72    0.000 8    
  384   26.0    5364.87   4.45     0.23    0.000 8    
  385   26.0    5365.40   3.57    -1.02    0.000 8    
  386   26.0    5367.47   4.41     0.44    0.000 8    
  387   26.0    5369.97   4.37     0.54    0.000 8    
  388   26.0    5371.50   0.96    -1.64    0.000 8    
  389   26.0    5379.58   3.69    -1.51    0.000 8    
  390   26.0    5383.38   4.31     0.64    0.000 8    
  391   26.0    5386.34   4.15    -1.74    0.000 8    
  392   26.0    5389.49   4.41    -0.40    0.000 3    
  393   26.0    5393.18   3.24    -0.71    0.000 8    
  394   26.0    5395.22   4.45    -2.15    0.000 8    
  395   26.0    5397.14   0.92    -1.99    0.000 8    
  396   26.0    5398.29   4.45    -0.71    0.000 8    
  397   26.0    5401.27   4.32    -1.89    0.000 8    
  398   26.0    5405.36   4.39    -1.39    0.000 1    
  399   26.0    5405.78   0.99    -1.84    0.000 8    
  400   26.0    5406.78   4.37    -1.72    0.000 3    
  401   26.0    5409.14   4.37    -1.20    0.000 1    
  402   26.0    5410.91   4.47     0.40    0.000 8    
  403   26.0    5415.20   4.39     0.64    0.000 8    
  404   26.0    5417.04   4.41    -1.66    0.000 8    
  405   26.0    5424.08   4.32     0.52    0.000 2    
  406   26.0    5434.53   1.01    -2.12    0.000 8    
  407   26.0    5436.30   4.39    -1.51    0.000 8    
  408   26.0    5441.33   4.10    -1.63    0.000 1    
  409   26.0    5445.04   4.39     0.04    0.000 2    
  410   26.0    5464.29   4.14    -1.40    0.000 8    
  411   26.0    5466.39   4.37    -0.62    0.000 1    
  412   26.0    5470.09   4.45    -1.79    0.000 8    
  413   26.0    5473.90   4.15    -0.69    0.000 1    
  414   26.0    5487.14   4.41    -1.43    0.000 1    
  415   26.0    5487.77   4.14    -0.62    0.000 1    
  416   26.0    5493.50   4.10    -1.68    0.000 1    
  417   26.0    5494.47   4.08    -2.05    0.000 8    
  418   26.0    5497.52   1.01    -2.83    0.000 1    
  419   26.0    5501.48   0.96    -3.05    0.000 8    
  420   26.0    5506.79   0.99    -2.80    0.000 8    
  421   26.0    5522.45   4.21    -1.52    0.000 8    
  422   26.0    5525.55   4.23    -1.08    0.000 1    
  423   26.0    5536.58   2.83    -3.71    0.000 1    
  424   26.0    5539.29   3.64    -2.61    0.000 8    
  425   26.0    5547.00   4.22    -1.88    0.000 8    
  426   26.0    5553.58   4.43    -1.31    0.000 1    
  427   26.0    5554.88   4.55    -0.35    0.000 1    
  428   26.0    5560.22   4.43    -1.16    0.000 8    
  429   26.0    5567.39   2.61    -2.67    0.000 1    
  430   26.0    5568.87   3.63    -2.85    0.000 1    
  431   26.0    5569.63   3.42    -0.49    0.000 8    
  432   26.0    5572.85   3.40    -0.28    0.000 8    
  433   26.0    5576.10   3.43    -0.94    0.000 8    
  434   26.0    5579.34   4.23    -2.32    0.000 1    
  435   26.0    5586.77   3.37    -0.14    0.000 8    
  436   26.0    5615.66   3.33     0.05    0.000 8    
  437   26.0    5618.64   4.21    -1.28    0.000 8    
  438   26.0    5619.61   4.39    -1.67    0.000 8    
  439   26.0    5620.49   4.15    -1.81    0.000 1    
  440   26.0    5624.04   4.39    -1.22    0.000 1    
  441   26.0    5624.54   3.42    -0.75    0.000 1    
  442   26.0    5635.83   4.26    -1.86    0.000 8    
  443   26.0    5636.70   3.64    -2.56    0.000 8    
  444   26.0    5641.44   4.26    -1.08    0.000 1    
  445   26.0    5650.00   5.10    -0.92    0.000 8    
  446   26.0    5650.70   4.55    -0.86    0.000 1    
  447   26.0    5652.33   4.26    -1.92    0.000 8    
  448   26.0    5653.89   4.39    -1.54    0.000 1    
  449   26.0    5661.35   4.28    -1.76    0.000 8    
  450   26.0    5662.52   4.18    -0.57    0.000 8    
  451   26.0    5667.52   4.48    -1.50    0.000 1    
  452   26.0    5679.02   4.65    -0.82    0.000 1    
  453   26.0    5680.24   4.19    -2.48    0.000 1    
  454   26.0    5686.53   4.55    -0.45    0.000 8    
  455   26.0    5698.02   3.64    -2.58    0.000 1    
  456   26.0    5701.56   2.56    -2.22    0.000 8    
  457   26.0    5705.47   4.30    -1.36    0.000 1    
  458   26.0    5705.98   4.61    -0.49    0.000 1    
  459   26.0    5731.77   4.26    -1.27    0.000 8    
  460   26.0    5741.86   4.26    -1.67    0.000 8    
  461   26.0    5752.04   4.55    -0.94    0.000 1    
  462   26.0    5753.12   4.26    -0.69    0.000 8    
  463   26.0    5760.36   3.64    -2.44    0.000 8    
  464   26.0    5762.42   3.64    -2.18    0.000 1    
  465   26.0    5762.99   4.21    -0.41    0.000 1    
  466   26.0    5775.09   4.22    -1.30    0.000 8    
  467   26.0    5778.46   2.59    -3.43    0.000 1    
  468   26.0    5784.67   3.40    -2.53    0.000 8    
  469   26.0    5793.92   4.22    -1.66    0.000 8    
  470   26.0    5806.73   4.61    -1.03    0.000 8    
  471   26.0    5807.78   3.29    -3.35    0.000 1    
  472   26.0    5816.38   4.55    -0.60    0.000 8    
  473   26.0    5827.88   3.28    -3.31    0.000 1    
  474   26.0    5838.37   3.94    -2.24    0.000 1    
  475   26.0    5849.68   3.69    -2.89    0.000 1    
  476   26.0    5852.23   4.55    -1.30    0.000 8    
  477   26.0    5855.09   4.61    -1.48    0.000 8    
  478   26.0    5856.10   4.29    -1.33    0.000 8    
  479   26.0    5859.60   4.55    -0.55    0.000 1    
  480   26.0    5862.35   4.55    -0.33    0.000 1    
  481   26.0    5873.21   4.26    -2.04    0.000 1    
  482   26.0    5883.81   3.96    -1.26    0.000 1    
  483   26.0    5927.80   4.65    -1.07    0.000 8    
  484   26.0    5929.68   4.55    -1.38    0.000 8    
  485   26.0    5930.19   4.65    -0.14    0.000 1    
  486   26.0    5934.67   3.93    -1.12    0.000 8    
  487   26.0    5940.99   4.18    -2.05    0.000 1    
  488   26.0    5952.72   3.98    -1.34    0.000 1    
  489   26.0    5956.71   0.86    -4.61    0.000 8    
  490   26.0    5976.79   3.94    -1.33    0.000 1    
  491   26.0    5983.69   4.55    -0.66    0.000 1    
  492   26.0    5984.83   4.73    -0.26    0.000 1    
  493   26.0    6024.05   4.55     0.03    0.000 1    
  494   26.0    6027.06   4.08    -1.09    0.000 8    
  495   26.0    6055.99   4.73    -0.37    0.000 1    
  496   26.0    6065.49   2.61    -1.53    0.000 8    
  497   26.0    6078.50   4.79    -0.33    0.000 1    
  498   26.0    6079.02   4.65    -1.10    0.000 8    
  499   26.0    6082.72   2.22    -3.57    0.000 8    
  500   26.0    6089.57   5.02    -0.90    0.000 1    
  501   26.0    6093.65   4.61    -1.47    0.000 8    
  502   26.0    6094.38   4.65    -1.92    0.000 8    
  503   26.0    6096.67   3.98    -1.88    0.000 8    
  504   26.0    6136.62   2.45    -1.40    0.000 8    
  505   26.0    6137.00   2.20    -2.95    0.000 8    
  506   26.0    6137.70   2.59    -1.40    0.000 8    
  507   26.0    6151.62   2.18    -3.30    0.000 8    
  508   26.0    6157.73   4.08    -1.22    0.000 8    
  509   26.0    6165.36   4.14    -1.47    0.000 8    
  510   26.0    6173.34   2.22    -2.88    0.000 8    
  511   26.0    6180.20   2.73    -2.65    0.000 1    
  512   26.0    6188.00   3.94    -1.67    0.000 8    
  513   26.0    6191.57   2.43    -1.42    0.000 8    
  514   26.0    6200.32   2.61    -2.44    0.000 8    
  515   26.0    6219.29   2.20    -2.43    0.000 8    
  516   26.0    6226.74   3.88    -2.20    0.000 3    
  517   26.0    6229.23   2.85    -2.81    0.000 8    
  518   26.0    6230.74   2.56    -1.28    0.000 8    
  519   26.0    6240.65   2.22    -3.17    0.000 8    
  520   26.0    6246.33   3.60    -0.88    0.000 8    
  521   26.0    6252.56   2.40    -1.69    0.000 8    
  522   26.0    6254.26   2.28    -2.43    0.000 1    
  523   26.0    6265.14   2.18    -2.55    0.000 8    
  524   26.0    6270.23   2.86    -2.61    0.000 8    
  525   26.0    6271.28   3.33    -2.70    0.000 1    
  526   26.0    6280.62   0.86    -4.39    0.000 8    
  527   26.0    6290.97   4.73    -0.73    0.000 1    
  528   26.0    6297.80   2.22    -2.74    0.000 8    
  529   26.0    6301.51   3.65    -0.72    0.000 8    
  530   26.0    6302.50   3.69    -1.11    0.000 1    
  531   26.0    6311.50   2.83    -3.14    0.000 8    
  532   26.0    6315.31   4.14    -1.23    0.000 1    
  533   26.0    6315.81   4.08    -1.66    0.000 8    
  534   26.0    6335.33   2.20    -2.18    0.000 8    
  535   26.0    6344.15   2.43    -2.92    0.000 8    
  536   26.0    6355.04   2.85    -2.29    0.000 8    
  537   26.0    6358.69   0.86    -4.47    0.000 8    
  538   26.0    6380.75   4.19    -1.38    0.000 8    
  539   26.0    6392.54   2.28    -4.03    0.000 3    
  540   26.0    6393.61   2.43    -1.58    0.000 8    
  541   26.0    6408.03   3.69    -1.02    0.000 1    
  542   26.0    6411.66   3.65    -0.72    0.000 8    
  543   26.0    6430.85   2.18    -2.01    0.000 8    
  544   26.0    6469.21   4.83    -0.73    0.000 1    
  545   26.0    6475.63   2.56    -2.94    0.000 1    
  546   26.0    6481.87   2.28    -2.98    0.000 8    
  547   26.0    6483.94   1.48    -5.34    0.000 1    
  548   26.0    6494.98   2.40    -1.27    0.000 8    
  549   26.0    6498.94   0.96    -4.69    0.000 8    
  550   26.0    6518.37   2.83    -2.30    0.000 8    
  551   26.0    6533.94   4.56    -1.43    0.000 8    
  552   26.0    6574.25   0.99    -5.00    0.000 8    
  553   26.0    6581.22   1.49    -4.68    0.000 8    
  554   26.0    6592.91   2.73    -1.47    0.000 8    
  555   26.0    6593.87   2.43    -2.42    0.000 8    
  556   26.0    6597.56   4.79    -0.97    0.000 1    
  557   26.0    6608.04   2.28    -3.93    0.000 1    
  558   26.0    6609.12   2.56    -2.69    0.000 8    
  559   26.0    6625.04   1.01    -5.34    0.000 8    
  560   26.0    6627.56   4.55    -1.68    0.000 3    
  561   26.0    6633.75   4.56    -0.80    0.000 8    
  562   26.0    6646.93   2.61    -3.96    0.000 1    
  563   26.0    6648.12   1.01    -5.92    0.000 1    
  564   26.0    6703.57   2.76    -3.06    0.000 8    
  565   26.0    6713.75   4.79    -1.60    0.000 3    
  566   26.0    6715.38   4.61    -1.54    0.000 1    
  567   26.0    6725.36   4.19    -2.25    0.000 1    
  568   26.0    6726.67   4.61    -1.07    0.000 1    
  569   26.0    6733.15   4.64    -1.48    0.000 1    
  570   26.0    6739.52   1.56    -4.79    0.000 1    
  571   26.0    6746.95   2.61    -4.30    0.000 1    
  572   26.0    6750.16   2.42    -2.62    0.000 8    
  573   26.0    6752.71   4.64    -1.20    0.000 1    
  574   26.0    6837.01   4.59    -1.69    0.000 8    
  575   26.0    6839.83   2.56    -3.35    0.000 8    
  576   26.0    6842.68   4.64    -1.22    0.000 1    
  577   26.0    6843.65   4.55    -0.89    0.000 8    
  578   26.0    6851.63   1.61    -5.28    0.000 1    
  579   26.0    6855.18   4.56    -0.74    0.000 1    
  580   26.0    6855.72   4.61    -1.78    0.000 1    
  581   26.0    6857.25   4.07    -2.16    0.000 3    
  582   26.0    6858.15   4.61    -0.93    0.000 8    
  583   26.0    6861.94   2.42    -3.85    0.000 1    
  584   26.0    6862.50   4.56    -1.47    0.000 1    
  585   26.1    4233.17   2.58    -1.81    0.000 8    
  586   26.1    4416.82   2.78    -2.60    0.000 8    
  587   26.1    4491.40   2.86    -2.64    0.000 8    
  588   26.1    4508.30   2.86    -2.35    0.000 8    
  589   26.1    4520.23   2.81    -2.62    0.000 8    
  590   26.1    4541.52   2.86    -2.97    0.000 8    
  591   26.1    4555.89   2.83    -2.25    0.000 8    
  592   26.1    4576.34   2.84    -2.92    0.000 8    
  593   26.1    4582.83   2.84    -3.06    0.000 8    
  594   26.1    4583.84   2.81    -1.74    0.000 8    
  595   26.1    4620.52   2.83    -3.19    0.000 8    
  596   26.1    4893.82   2.83    -4.27    0.000 8    
  597   26.1    4993.35   2.81    -3.68    0.000 8    
  598   26.1    5100.66   2.81    -4.20    0.000 8    
  599   26.1    5132.67   2.81    -4.09    0.000 8    
  600   26.1    5197.58   3.23    -2.05    0.000 8    
  601   26.1    5234.63   3.22    -2.21    0.000 8    
  602   26.1    5264.81   3.23    -3.23    0.000 8    
  603   26.1    5276.00   3.20    -1.90    0.000 8    
  604   26.1    5284.11   2.89    -3.20    0.000 8    
  605   26.1    5414.08   3.22    -3.48    0.000 8    
  606   26.1    5425.26   3.20    -3.39    0.000 8    
  607   26.1    5534.85   3.24    -2.86    0.000 8    
  608   26.1    5991.38   3.15    -3.65    0.000 8    
  609   26.1    6084.10   3.20    -3.88    0.000 8    
  610   26.1    6149.25   3.89    -2.84    0.000 8    
  611   26.1    6247.56   3.89    -2.43    0.000 8    
  612   26.1    6369.46   2.89    -4.36    0.000 3    
  613   26.1    6416.93   3.89    -2.88    0.000 8    
  614   26.1    6432.68   2.89    -3.50    0.000 8    
  615   26.1    6456.39   3.90    -2.19    0.000 8    
  616   26.1    6516.08   2.89    -3.37    0.000 8    
  617   27.0    5212.69   3.51    -0.11    0.000 3    
  618   27.0    5369.56   1.74    -1.59    0.000 2    
  619   27.0    5352.05   3.56     0.06    0.000 3    
  620   27.0    5530.77   1.71    -2.23    0.000 2    
  621   27.0    5647.23   2.28    -1.56    0.000 2    
  622   27.0    6189.00   1.71    -2.45    0.000 1    
  623   27.0    6455.00   3.63    -0.25    0.000 3    
  624   27.0    6632.45   2.28    -2.00    0.000 1    
  625   27.0    6770.97   1.88    -1.97    0.000 2    
  626   28.0    5035.37   3.63     0.29    0.000 5    
  627   28.0    5578.72   1.68    -2.64    0.000 1    
  628   28.0    5587.86   1.93    -2.14    0.000 1    
  629   28.0    5589.36   3.90    -1.14    0.000 1    
  630   28.0    5592.26   1.95    -2.59    0.000 1    
  631   28.0    5593.74   3.90    -0.84    0.000 1    
  632   28.0    5625.32   4.09    -0.70    0.000 1    
  633   28.0    5682.20   4.10    -0.47    0.000 1    
  634   28.0    5748.35   1.68    -3.26    0.000 1    
  635   28.0    5760.83   4.10    -0.81    0.000 1    
  636   28.0    5796.09   1.95    -3.69    0.000 1    
  637   28.0    5805.22   4.17    -0.64    0.000 1    
  638   28.0    5846.99   1.68    -3.21    0.000 1    
  639   28.0    5892.87   1.99    -2.34    0.000 1    
  640   28.0    6053.69   4.23    -1.07    0.000 1    
  641   28.0    6086.28   4.26    -0.51    0.000 1    
  642   28.0    6128.97   1.68    -3.33    0.000 1    
  643   28.0    6130.13   4.26    -0.96    0.000 1    
  644   28.0    6175.37   4.09    -0.54    0.000 1    
  645   28.0    6176.81   4.09    -0.53    0.000 1    
  646   28.0    6177.24   1.83    -3.51    0.000 1    
  647   28.0    6186.71   4.10    -0.96    0.000 1    
  648   28.0    6204.60   4.09    -1.14    0.000 1    
  649   28.0    6314.66   1.93    -1.77    0.000 1    
  650   28.0    6360.82   4.17    -1.15    0.000 1    
  651   28.0    6370.35   3.54    -1.94    0.000 1    
  652   28.0    6378.25   4.15    -0.90    0.000 1    
  653   28.0    6482.80   1.93    -2.63    0.000 1    
  654   28.0    6586.31   1.95    -2.81    0.000 1    
  655   28.0    6598.60   4.23    -0.98    0.000 1    
  656   28.0    6635.12   4.42    -0.83    0.000 1    
  657   28.0    6643.64   1.68    -2.01    0.000 2    
  658   28.0    6767.77   1.83    -2.17    0.000 1    
  659   28.0    6772.31   3.66    -0.99    0.000 1    
  660   28.0    6842.04   3.66    -1.47    0.000 1    
  661   29.0    5105.54   1.38    -3.72    0.000 2    
  662   29.0    5782.12   1.64    -1.78    0.000 1    
  663   30.0    4722.16   4.03    -0.39    0.000 2    
  664   30.0    4810.54   4.08    -0.17    0.000 2    
  665   30.0    6362.34   5.79     0.14    0.000 1    
  666   38.0    4607.34   0.00     0.28    0.000 2    
  667   39.1    4854.87   0.99    -0.38    0.000 2    
  668   39.1    4883.69   1.08     0.07    0.000 2    
  669   39.1    4982.14   1.03    -1.29    0.000 2    
  670   39.1    5087.43   1.08    -0.17    0.000 2    
  671   39.1    5119.12   0.99    -1.36    0.000 2    
  672   39.1    5200.41   0.99    -0.57    0.000 2    
  673   39.1    5289.82   1.03    -1.85    0.000 2    
  674   39.1    5509.91   0.99    -1.01    0.000 9    
  675   40.0    4687.81   0.73     0.55    0.000 2    
  676   40.0    4772.31   0.62     0.04    0.000 2    
  677   40.0    6127.44   0.15    -1.06    0.000 1    
  678   40.0    6134.55   0.00    -1.28    0.000 1    
  679   40.0    6143.20   0.07    -1.10    0.000 1    
  680   40.1    4208.99   0.71    -0.51    0.00010    
  681   40.1    4317.32   0.71    -1.45    0.00010    
  682   40.1    5112.28   1.66    -0.86    0.00010    
  683   42.0    5570.44   1.34     0.15    0.00011    
  684   56.1    4554.04   0.00     0.14    0.000 2    
  685   56.1    5853.69   0.60    -0.91    0.000 2    
  686   56.1    6141.73   0.70    -0.08    0.000 2    
  687   56.1    6496.90   0.60    -0.38    0.000 1    
  688   57.1    4322.50   0.17    -0.93    0.000 2    
  689   57.1    4333.75   0.17    -0.06    0.000 2    
  690   57.1    4526.11   0.77    -0.59    0.000 2    
  691   57.1    5114.51   0.23    -1.03    0.000 2    
  692   57.1    6390.48   0.32    -1.41    0.000 1    
  693   57.1    6774.26   0.13    -1.72    0.000 1    
  694   58.1    4539.74   0.33    -0.02    0.000 2    
  695   58.1    4562.37   0.48     0.23    0.000 2    
  696   58.1    4593.94   0.70     0.11    0.000 5    
  697   58.1    4628.16   0.52     0.20    0.000 2    
  698   58.1    5274.23   1.04     0.15    0.000 2    
  699   59.1    5219.05   0.79    -0.05    0.000 2    
  700   59.1    5220.11   0.79     0.30    0.000 2    
  701   59.1    5259.73   0.63     0.12    0.000 2    
  702   60.1    4446.39   0.20    -0.35    0.000 2    
  703   60.1    4462.99   0.56     0.04    0.000 2    
  704   60.1    4567.61   0.20    -1.31    0.000 2    
  705   60.1    4579.32   0.74    -0.55    0.000 5    
  706   60.1    4645.77   0.56    -0.59    0.000 5    
  707   60.1    4706.54   0.00    -0.71    0.000 2    
  708   60.1    4859.02   0.32    -0.44    0.000 2    
  709   60.1    5092.79   0.38    -0.61    0.000 2    
  710   60.1    5130.59   1.30     0.45    0.000 2    
  711   60.1    5200.12   0.56    -0.50    0.000 5    
  712   60.1    5212.35   0.20    -0.96    0.000 2    
  713   60.1    5234.21   0.55    -0.51    0.000 2    
  714   60.1    5249.60   0.98     0.20    0.000 2    
  715   60.1    5255.51   0.20    -0.67    0.000 2    
  716   60.1    5276.88   0.86    -0.44    0.000 5    
  717   60.1    5293.17   0.82     0.10    0.000 2    
  718   60.1    5311.48   0.99    -0.42    0.000 2    
  719   60.1    5319.82   0.55    -0.14    0.000 2    
  720   62.1    4519.63   0.54    -0.43    0.000 5    
  721   62.1    4523.91   0.43    -0.39    0.000 2    
  722   62.1    4577.69   0.25    -0.65    0.000 2    
  723   62.1    4591.83   0.18    -1.12    0.000 2    
  724   62.1    4642.23   0.38    -0.46    0.000 2    
  725   63.1    4205.04   0.00     0.21    0.000 2    
  726   63.1    6645.11   1.38     0.12    0.000 2    
