  19    22.0     4722.61    1.052   -1.470   20.176   
  20    22.0     4731.16    2.173   -0.430   13.996   
  27    22.0     4778.26    2.235   -0.350   16.910   
  29    22.0     4820.41    1.501   -0.380   41.402   
  81    22.0     5474.22    1.459   -1.230   13.028   
  84    22.0     5490.15    1.459   -0.840   23.330   
  85    22.0     5503.90    2.576   -0.050   14.527   
  86    22.0     5512.52    1.459   -0.400   47.731   
  87    22.0     5514.34    1.429   -0.660   39.510   
  88    22.0     5514.53    1.442   -0.500   44.777   
  89    22.0     5565.47    2.235   -0.220   22.554   
  92    22.0     5866.45    1.066   -0.790   48.040   
  94    22.0     5899.29    1.052   -1.100   31.648   
  95    22.0     5918.54    1.066   -1.640   16.296   
  96    22.0     5922.11    1.045   -1.380   20.573   
  98    22.0     5941.75    1.052   -1.510   19.713   
 106    22.0     6258.10    1.442   -0.390   51.687   
 107    22.0     6258.71    1.459   -0.280   56.624   
 108    22.0     6261.10    1.429   -0.530   51.711   
 120    22.1     4545.13    1.130   -2.450   52.577   
 124    22.1     4657.20    1.242   -2.290   51.256   
 126    22.1     4719.51    1.242   -3.320   12.147   
 129    22.1     4798.53    1.079   -2.660   44.710   
 131    22.1     4874.01    3.092   -0.860   39.278   
 139    22.1     5381.02    1.565   -1.970   60.280   
 141    22.1     5418.77    1.581   -2.130   48.096   
