   1 22.0 4512.734 0.835 -0.40 4.96
   2 22.0 4518.022 0.825 -0.25 4.97
   3 22.0 4518.689 1.429 -1.04 4.98
   4 22.0 4522.797 0.818 -0.27 4.99
   5 22.0 4533.239 0.848 +0.54 4.99
   6 22.0 4534.776 0.835 +0.35 4.97
   7 22.0 4535.569 0.825 +0.14 5.00
   8 22.0 4535.918 0.818 -0.07 5.01
   9 22.0 4536.040 0.812 -0.16 5.01
  10 22.0 4548.764 0.825 -0.28 4.96
  11 22.0 4555.483 0.848 -0.40 4.97
  12 22.0 4617.269 1.748 +0.44 4.96
  13 22.0 4623.097 1.738 +0.16 4.99
  14 22.0 4639.363 1.738 -0.05 4.97
  15 22.0 4639.939 1.732 -0.16 4.97
  16 22.0 4645.188 1.732 -0.51 4.94
  17 22.0 4650.010 1.738 -0.64 4.96
  18 22.0 4656.043 1.748 -0.99 4.99
  19 22.0 4722.606 1.052 -1.47 5.04
  20 22.0 4731.164 2.173 -0.43 4.86
  21 22.0 4733.421 2.159 -0.66 5.09
  22 22.0 4742.106 2.152 -0.94 4.97
  23 22.0 4742.789 2.235 +0.21 4.93
  24 22.0 4747.674 2.248 -0.83 4.99
  25 22.0 4758.118 2.248 +0.51 4.93
  26 22.0 4759.270 2.254 +0.59 4.94
  27 22.0 4778.255 2.235 -0.35 4.96
  28 22.0 4805.414 2.343 +0.07 5.03
  29 22.0 4820.409 1.501 -0.38 4.97
  30 22.0 4848.410 2.248 -0.86 4.99
  31 22.0 4848.477 2.173 -0.54 4.99
  32 22.0 4856.010 2.254 +0.52 4.91
  33 22.0 4870.125 2.248 +0.44 4.92
  34 22.0 4885.079 1.886 +0.41 4.99
  35 22.0 4913.613 1.872 +0.22 4.95
  36 22.0 4915.229 1.886 -0.91 4.91
  37 22.0 4919.861 2.159 -0.12 4.96
  38 22.0 4926.148 0.818 -2.09 4.96
  39 22.0 4937.726 0.812 -2.08 5.03
  40 22.0 4981.731 0.848 +0.57 5.02
  41 22.0 4991.066 0.835 +0.45 5.04
  42 22.0 4997.097 0.000 -2.07 4.99
  43 22.0 4999.503 0.825 +0.32 4.99
  44 22.0 5009.645 0.021 -2.20 4.99
  45 22.0 5016.161 0.848 -0.48 4.94
  46 22.0 5020.026 0.835 -0.33 4.99
  47 22.0 5022.868 0.825 -0.33 4.91
  48 22.0 5024.844 0.818 -0.53 4.99
  49 22.0 5036.464 1.442 +0.14 4.97
  50 22.0 5038.398 1.429 +0.02 4.99
  51 22.0 5039.957 0.021 -1.08 4.99
  52 22.0 5043.584 0.835 -1.59 4.89
  53 22.0 5062.102 2.159 -0.39 5.01
  54 22.0 5064.653 0.048 -0.94 4.94
  55 22.0 5085.335 1.429 -1.54 4.95
  56 22.0 5109.432 1.442 -1.54 5.02
  57 22.0 5113.440 1.442 -0.70 4.93
  58 22.0 5132.929 2.248 -1.17 4.96
  59 22.0 5145.460 1.459 -0.54 4.99
  60 22.0 5147.478 0.000 -1.94 4.97
  61 22.0 5152.183 0.021 -1.95 4.97
  62 22.0 5173.743 0.000 -1.06 4.94
  63 22.0 5189.578 2.238 -1.19 4.94
  64 22.0 5192.969 0.021 -0.95 5.01
  65 22.0 5210.384 0.048 -0.82 5.01
  66 22.0 5212.992 2.229 -1.16 4.94
  67 22.0 5219.702 0.021 -2.22 5.01
  68 22.0 5230.967 2.238 -1.19 4.92
  69 22.0 5252.100 0.048 -2.36 4.99
  70 22.0 5295.776 1.066 -1.59 5.00
  71 22.0 5313.237 1.066 -2.36 5.01
  72 22.0 5366.639 0.818 -2.46 4.95
  73 22.0 5384.630 0.825 -2.77 4.97
  74 22.0 5389.989 1.872 -1.10 5.01
  75 22.0 5391.057 1.878 -1.96 4.97
  76 22.0 5429.137 2.343 -0.55 5.01
  77 22.0 5448.907 2.332 -1.25 4.99
  78 22.0 5449.150 1.442 -1.87 4.94
  79 22.0 5453.642 1.442 -1.60 4.96
  80 22.0 5471.192 1.442 -1.42 4.95
  81 22.0 5474.223 1.459 -1.23 4.93
  82 22.0 5474.452 2.343 -0.95 4.99
  83 22.0 5481.861 1.429 -1.36 5.01
  84 22.0 5490.148 1.459 -0.84 4.92
  85 22.0 5503.895 2.576 -0.05 4.98
  86 22.0 5512.524 1.459 -0.40 4.99
  87 22.0 5514.343 1.429 -0.66 5.08
  88 22.0 5514.534 1.442 -0.50 5.08
  89 22.0 5565.473 2.235 -0.22 4.92
  90 22.0 5739.469 2.248 -0.61 4.93
  91 22.0 5823.685 2.266 -1.01 4.95
  92 22.0 5866.451 1.066 -0.79 4.99
  93 22.0 5880.270 1.052 -2.00 5.01
  94 22.0 5899.294 1.052 -1.10 4.98
  95 22.0 5918.536 1.066 -1.64 5.02
  96 22.0 5922.110 1.045 -1.38 4.97
  97 22.0 5937.809 1.066 -1.94 5.02
  98 22.0 5941.752 1.052 -1.51 4.98
  99 22.0 5999.658 2.235 -0.72 4.96
 100 22.0 6017.546 2.332 -1.69 4.95
 101 22.0 6091.171 2.266 -0.32 4.95
 102 22.0 6092.792 1.886 -1.38 4.99
 103 22.0 6121.002 1.878 -1.42 4.99
 104 22.0 6146.207 1.872 -1.48 4.94
 105 22.0 6149.725 2.159 -1.44 4.95
 106 22.0 6258.102 1.442 -0.39 5.02
 107 22.0 6258.707 1.459 -0.28 5.04
 108 22.0 6261.099 1.429 -0.53 5.05
 109 22.0 6266.010 1.748 -1.95 4.89
 110 22.0 6268.525 1.429 -2.26 4.97
 111 22.0 6303.757 1.442 -1.58 5.04
 112 22.0 6312.236 1.459 -1.55 5.01
 113 22.0 6336.099 1.442 -1.69 4.99
 114 22.0 6419.088 2.173 -1.53 4.97
 115 22.0 6554.223 1.442 -1.15 5.00
 116 22.0 6556.062 1.459 -1.06 5.01
 117 22.0 6689.260 2.248 -1.67 4.99
 118 22.0 6745.544 2.235 -1.23 5.02
 119 22.1 4518.332 1.079 -2.56 5.02
 120 22.1 4545.133 1.130 -2.45 4.94
 121 22.1 4552.293 1.115 -2.87 5.00
 122 22.1 4583.409 1.164 -2.84 5.00
 123 22.1 4609.265 1.179 -3.32 4.93
 124 22.1 4657.201 1.242 -2.29 4.99
 125 22.1 4708.663 1.236 -2.35 5.00
 126 22.1 4719.511 1.242 -3.32 4.95
 127 22.1 4762.778 1.083 -2.89 4.96
 128 22.1 4764.525 1.236 -2.69 4.96
 129 22.1 4798.531 1.079 -2.66 5.00
 130 22.1 4865.610 1.115 -2.70 4.99
 131 22.1 4874.009 3.092 -0.86 4.97
 132 22.1 4911.194 3.121 -0.64 5.02
 133 22.1 5005.167 1.565 -2.73 4.99
 134 22.1 5069.090 3.121 -1.62 4.98
 135 22.1 5072.286 3.121 -1.02 4.98
 136 22.1 5129.156 1.890 -1.34 5.01
 137 22.1 5185.902 1.891 -1.41 4.99
 138 22.1 5336.786 1.581 -1.60 5.00
 139 22.1 5381.022 1.565 -1.97 5.00
 140 22.1 5396.247 1.583 -3.18 5.01
 141 22.1 5418.768 1.581 -2.13 5.02
