3d64s2          a5D        4        0.000
                           3      415.933  .001
                           2      704.007  .001
                           1      888.132  .001
                           0      978.074  .001
3d7(4F)4s       a5F        5     6928.268  .001
                           4     7376.764  .001
                           3     7728.059  .001
                           2     7985.784  .001
                           1     8154.713  .001
                a3F        4    11976.238  .001
                           3    12560.933  .001
                           2    12968.553  .001
3d7(4P)4s       a5P        3    17550.180  .001
                           2    17726.987  .001
                           1    17927.381  .001
3d64s2          a3P        2    18378.185  .001
                           1    19552.477  .001
                           0    20037.815  .002
3d6(5D)4s4p(3P) z7D*       5    19350.890  .001
                           4    19562.438  .001
                           3    19757.031  .001
                           2    19912.494  .001
                           1    20019.634  .001
3d64s2          a3H        6    19390.167  .001
                           5    19621.005  .001
                           4    19788.250  .001
                b3F        4    20641.109  .001
                           3    20874.481  .001
                           2    21038.986  .001
3d7(2G)4s       a3G        5    21715.731  .001
                           4    21999.129  .001
                           3    22249.428  .001
3d6(5D)4s4p(3P) z7F*       6    22650.414  .001
                           5    22845.867  .001
                           4    22996.672  .001
                           3    23110.937  .001
                           2    23192.498  .001
                           1    23244.836  .001
                           0    23270.382  .002
3d7(4P)4s       b3P        2    22838.321  .001
                           1    22946.814  .001
                           0    23051.748  .001
3d6(5D)4s4p(3P) z7P*       4    23711.454  .001
                           3    24180.860  .001
                           2    24506.915  .001
3d64s2          b3G        5    23783.617  .001
                           4    24118.817  .001
                           3    24338.765  .001
3d7(2P)4s       c3P        2    24335.764  .001
                           1    24772.016  .001
                           0    25091.597  .002
3d7(2G)4s       a1G        4    24574.653  .001
3d6(5D)4s4p(3P) z5D*       4    25899.987  .001
                           3    26140.177  .001
                           2    26339.694  .001
                           1    26479.379  .001
                           0    26550.477  .001
3d7(2H)4s       b3H        6    26105.906  .001
                           5    26351.038  .001
                           4    26627.607  .001
3d7(a2D)4s      a3D        3    26224.967  .001
                           2    26623.733  .001
                           1    26406.463  .001
3d6(5D)4s4p(3P) z5F*       5    26874.548  .001
                           4    27166.818  .001
                           3    27394.689  .001
                           2    27559.581  .001
                           1    27666.346  .001
3d7(2P)4s       a1P        1    27543.001  .001
3d7(a2D)4s      a1D        2    28604.611  .001
3d7(2H)4s       a1H        5    28819.952  .001
3d6(5D)4s4p(3P) z5P*       3    29056.322  .001
                           2    29469.022  .001
                           1    29732.734  .001
3d64s2          a1I        6    29313.006  .001
                b3D        3    29371.810  .001
                           2    29356.742  .001
                           1    29320.024  .001
                b1G        4    29798.934  .001
3d6(5D)4s4p(3P) z3F*       4    31307.243  .001
                           3    31805.069  .001
                           2    32133.989  .001
                z3D*       3    31322.611  .001
                           2    31686.349  .001
                           1    31937.323  .001
3d8             c3F        4    32873.630  .001
                           3    33412.715  .001
                           2    33765.304  .001
3d7(4F)4p       y5D*       4    33095.939  .001
                           3    33507.121  .001
                           2    33801.570  .001
                           1    34017.101  .001
                           0    34121.601  .001
                y5F*       5    33695.395  .001
                           4    34039.514  .001
                           3    34328.750  .001
                           2    34547.209  .001
                           1    34692.146  .001
3d6(5D)4s4p(3P) z3P*       2    33946.931  .001
                           1    34362.871  .001
                           0    34555.595  .001
3d6\ 4s2        b1D        2    34636.790  .001
3d7(4F)4p       z5G*       6    34843.955  .002
                           5    34782.419  .001
                           4    35257.322  .001
                           3    35611.623  .001
                           2    35856.400  .001
                z3G*       5    35379.206  .001
                           4    35767.562  .001
                           3    36079.370  .001
                y3F*       4    36686.174  .001
                           3    37162.744  .001
                           2    37521.158  .001
3d6(5D)4s4p(1P) y5P*       3    36766.964  .001
                           2    37157.564  .001
                           1    37409.552  .001
3d7(2F)4s       d3F        2    36940.588  .001
                           3    36975.586  .001
                           4    37045.932  .001
3d7(4F)4p       y3D*       3    38175.352  .001
                           2    38678.036  .001
                           1    38995.733  .001
3d6(5D)4s4p(1P) x5D*       4    39625.801  .001
                           3    39969.850  .001
                           2    40231.333  .001
                           1    40404.515  .001
                           0    40491.281  .001
3d5(6S)4s2\ 4p  y7P*       4    40421.935  .001
                           3    40207.088  .001
                           2    40052.032  .001
3d6(5D)4s4p(1P) x5F*       5    40257.311  .001
                           4    40594.429  .001
                           3    40842.151  .001
                           2    41018.048  .001
                           1    41130.596  .001
3d8             d83P       2    40871.409  .001
                           1    41178.409  .001
                           0    41234.502  .001
3d6(3P)4s4p(3P) z5S*       2    40894.987  .001
                x5P*       3    42532.738  .001
                           2    42859.775  .002
                           1    43079.020  .002
3d6(3H)4s4p(3P) y5G*       6    42784.349  .002
                           5    42911.914  .001
                           4    43022.982  .002
                           3    43137.484  .001
                           2    43210.022  .002
3d64s(6D)5s     e7D        5    42815.852  .001
                           4    43163.323  .001
                           3    43434.624  .001
                           2    43633.530  .001
                           1    43763.977  .001
3d6(3H)4s4p(3P) z5I*       6 *  42903.858  .002
                           5    43460.118  .002
                           4    43442.702  .003
                z5H*       6    43321.093  .005
                           5    42991.694  .002
                           4    43108.914  .001
                           3    43325.961  .002
3d6(3P)4s4p(3P) w5D*       4    43499.502  .001
                           3    43922.665  .001
                           2    44183.625  .001
                           1    44411.157  .001
                           0    44458.931  .001
3d6(3F)4s4p(3P) v5D*       4    44022.522  .001
                           3    44166.203  .001
                           2    44664.072  .001
                           1    44760.743  .001
                           0    44826.897  .002
                w5F*       5    44243.682  .002
                           4    44415.071  .001
                           3    44551.332  .002
                           2    44285.451  .002
                           1    44378.339  .002
3d7(4P)4p       y5S*       2    44511.809  .001
3d64s(6D)5s     e5D        4    44677.003  .001
                           3    45061.326  .001
                           2    45333.872  .001
                           1    45509.149  .001
                           0    45595.083  .001
3d6(3P)4s4p(3P) x3D*       3    45220.678  .001
                           2    45281.830  .001
                           1    45551.764  .001
3d6(3H)4s4p(3P) y3G*       5    45294.843  .001
                           4    45428.399  .001
                           3    45562.971  .001
3d6(3F)4s4p(3P) x5G*       6    45608.358  .002
                           5    45726.127  .001
                           4    45833.220  .002
                           3    45913.494  .003
                           2    45964.954  .002
3d6(3H)4s4p(3P) z3I*       7    45978.005  .002
                           6    46026.968  .002
                           5    46135.817  .002
3d7(4P)4p       w5P*       3    46137.094  .001
                           2    46313.534  .001
                           1    46410.378  .002
3d6(3P)4s4p(3P) z3S*       1    46600.815  .001
                y3P*       2    46727.071  .001
                           1    46901.829  .001
                           0    46672.537  .003
3d7(4P)4p       u5D*       4    46720.839  .001
                           3    46744.990  .001
                           2    46888.514  .001
                           1    47177.231  .001
                           0    47171.528  .002
3d6(3F)4s4p(3P) x3F*       4    46889.139  .001
                           3    47092.709  .001
                           2    47197.007  .001
3d6(3H)4s4p(3P) z3H*       6    46982.317  .002
                           5    47008.368  .001
                           4    47106.481  .001
3d7(4F)5s       e5F        5    47005.503  .001
                           4    47377.952  .001
                           3    47755.534  .001
                           2    48036.670  .001
                           1    48221.321  .001
3d7(4P)4p       w3D*       3    47017.185  .001
                           2    47136.081  .001
                           1    47272.024  .001
3d6(3G)4s4p(3P) w5G*       6    47363.373  .002
                           5    47420.225  .001
                           4    47590.045  .001
                           3    47693.236  .001
                           2    47831.150  .001
3d6(3P)4s4p(3P) Psp3 1*    2    47419.684  .001
3d7(2G)4p       z1G*       4    47452.714  .001
3d7(4P)4p       y3S*       1    47555.607  .001
3d6(3G)4s4p(3P) v5F*       5    47606.111  .001
                           4    47929.994  .001
                           3    48122.925  .001
                           2    48238.844  .001
                           1    48350.603  .001
3d6(3F)4s4p(3P) x3G*       5    47834.547  .001
                           4    47812.115  .001
                           3    47834.218  .002
3d6(3G)4s4p(3P) y5H*       6 *  47855.140  .002
                           5    48231.277  .001
                           4    48361.879  .001
                           3    48475.683  .002
 3d7(4F)5s      e3F        4    47960.937  .001
                           3    48531.862  .001
                           2    48928.385  .001
 3d54s2(6S)4p   v5P*       3    47966.582  .001
                           2    48163.443  .001
                           1    48289.868  .001
3d6(3H)4s4p(3P) Hsp31I*    6 *  48098.290  .001
3d7(4P)4p       x3P*       2    48304.640  .001
                           1    48516.135  .001
                           0    48460.110  .002
3d7(2G)4p       z1H*       5    48382.600  .001
3d6(3H)4s4p(3P) y1G*       4    48702.532  .001
3d7(2G)4p       w3F*       4    49108.893  .001
                           3    49242.883  .001
                           2    49433.128  .002
3d6(3F)4s4p(3P) v3D*       3    49135.020  .001
                           2    49242.618  .001
                           1    49297.632  .002
3d64s(6D)5p     n7D*       5    49352.338  .001
                           4    49558.731  .001
                           3    49805.254  .001
                           2    50008.519  .001
                           1    50152.616  .001
3d7(2G)4p       y3H*       6    49434.160  .002
                           5    49604.424  .002
                           4    49726.987  .002
                v3G*       5    49460.899  .001
                           4    49627.881  .001
                           3    49850.587  .001
3d6(3F)4s4p(3P) Fsp31F*    3    49477.124  .001
3d64s(6D)5p     n7F*       6    49758.139  .002
                           5    50052.191  .001
                           4    50303.222  .001
                           3    50433.022  .001
                           2    50555.759  .001
                           1    50627.433  .002
                           0    50659.680  .002
3d7(2P)4p       w3P*       2    50186.831  .001
                           1    50043.210  .001
                           0    49951.341  .002
3d64s(6D)5p     n7P*       4    50185.740  .001
                           3    50628.369  .001
                           2    50901.169  .001
3d64s(6D)4d     e7F        6    50342.126  .001
                           5    50833.435  .001
                           4    51192.270  .001
                           3    51148.845  .001
                           2    51331.049  .001
                           1    51207.995  .001
                f7D        5    50377.905  .001
                           4    50807.994  .001
                           3    50861.813  .001
                           2    50998.642  .001
                           1    51048.104  .001
                f5D        4    50423.134  .001
                           3    50534.394  .001
                           2    50698.617  .001
                           1    50880.099  .001
                           0    50981.009  .002
                e7P        4    50475.285  .001
                           3    50611.258  .001
                           2    50861.324  .001
                e5G        6    50522.941  .001
                           5    50703.867  .001
                           4    50979.576  .001
                           3    51219.012  .001
                           2    51370.142  .001
3d7(2G)4p       z1F*       3    50586.875  .002
3d6(3F)4s4p(3P) x1G*       4    50613.980  .002
3d64s(6D)4d     e7G        7    50651.629  .002
                           6    50967.828  .001
                           5    51228.550  .001
                           4    51334.908  .001
                           3    51460.515  .001
                           2    51539.717  .001
                           1    51566.799  .002
3d64s(6D)5p     u5F*       5    51016.657  .001
                           4    51381.454  .001
                           3    51619.073  .001
                           2    51827.410  .001
                           1    51945.814  .001
3d6(3G)4s4p(3P) x3H*       6    51023.159  .002
                           5    51068.715  .002
                           4    51409.121  .002
3d64s(6D)5p     t5D*       4    51076.625  .001
                           3    51361.388  .001
                           2    51629.998  .001
                           1    51827.851  .001
                           0    51941.537  .001
3d64s(6D)4d     f5F        5    51103.188  .001
                           4    51461.667  .001
                           3    51604.100  .001
                           2    51705.011  .001
                           1    51754.494  .001
                e5S        2    51148.907  .001
3d64s(4D)5s     e3D        3    51294.217  .001
                           2    51739.917  .001
                           1    52039.889  .001
3d7(a2D)4p      v3F*       4    51304.601  .001
                           3    51365.308  .001
                           2    51201.286  .002
3d64s(4D)5s     g5D        4    51350.489  .001
                           3    51770.554  .001
                           2    52049.820  .001
                           1    52214.342  .001
                           0    52257.342  .001
3d7(2H)4p       u3G*       5    51373.907  .001
                           4    51668.183  .002
                           3    51825.770  .001
3d64s(6D)4d     e7S        3    51570.094  .001
3d6(3H)4s4p(3P) Hsp3 1H*   5    51630.175  .002
3d64s(6D)5p     u5P*       3    51692.007  .001
                           2    51944.781  .001
                           1    52110.598  .002
3d7(2P)4p       y1D*       2    51708.304  .001
3d6(3H)4s4p(3P) x1D*       2    51762.073  .001
3d64s(6D)4d     e5P        3    51837.235  .001
                           2    52067.466  .001
                           1    52019.666  .001
3d7(2P)4p       u3D*       3    51969.098  .001
                           2    52296.916  .002
                           1    52512.453  .002
                2P4p 1P*   1    52180.817  .002
3d7(a2D)4p      t3D*       3    52213.227  .002
                           2    52682.916  .001
                           1    52857.800  .002
3d7(2H)4p       w3H*       6    52431.443  .002
                           5    52613.086  .002
                           4    52768.739  .003
                y3I*       7    52654.988  .003
                           6    52513.556  .002
                           5    52898.994  .003
3d7(4F)5p       4F5p 3G*   5    52806.997  .002
                           4    54017.577  .002
                           3    54357.401  .001
3d7(a2D)4p      v3P*       2    52916.291  .002
                           1    53229.937  .002
3d6(3G)4s4p(3P) Gsp3 3F*   4    52953.625  .001
                           3    53357.511  .001
                           2    53749.401  .002
3d7(4F)4d       g5F        5    53061.314  .001
                           4    53393.669  .001
                           3    53830.971  .001
                           2    54257.498  .001
                           1    54386.182  .001
3d7(4F)5p       4F5p 5G*   6    53069.353  .002
                           5    53586.506  .002
                           4    53852.110  .001
                           3    54134.651  .002
                           2    54257.675  .002
                4F5p 5F*   5    53084.785  .001
                           4    53388.633  .001
                           3    53661.075  .001
                           2    54042.523  .002
                           1    54224.416  .002
3d7(2H)4p       2H4p1I*    6    53093.525  .002
3d7(4F)4d       h5D        4    53155.141  .001
                           3    53545.829  .001
                           2    53966.658  .001
                           1    54132.547  .001
                f5P        3    53160.589  .001
                           2    53568.747  .001
                           1    53925.196  .001
                f5G        6    53169.142  .001
                           5    53281.685  .001
                           4    53768.975  .001
                           3    54161.135  .001
                           2    54375.673  .001
                e5H        7    53275.179  .002
                           6    53352.985  .001
                           5    53874.253  .001
                           4    54237.209  .002
                           3    54490.995  .001
3d6(3G)4s4p(3P) y1H*       5    53313.434  .003
3d7(4F)5p       4F5p 3F*   4    53328.831  .001
                           3    54289.030  .001
                           2    54706.383  .002
                4F5p 5D*   4    53610.408  .001
                           3    53784.746  .002
                           2    54530.649  .002
                           1    54603.136  .001
3d6(3D)4s4p(3P) Dsp3 5F*   5    54013.748  .002
                           4    53881.802  .002
                           3    53733.590  .002
                           2    53723.075  .002
                           1    53696.863  .004
3d7(4F)4d       e3G        5    53739.434  .001
                           4    54066.514  .001
                           3    54379.380  .001
                f3D        3    53747.496  .001
                           2    54066.769  .001
                           1    54449.343  .001
3d7(a2D)4p      x1F*       3    53763.276  .002
3d64s(6D)6s     g7D        5    53800.855  .001
                           4    54124.740  .001
                           3    54404.775  .002
                           2    54611.706  .002
                           1    54747.594  .001
3d7(2P)4p       x3S*       1    53808.352  .002
3d7(4F)5p       4F5p 3D*   3    53837.847  .001
                           2    54342.775  .002
                           1    54807.246  .002
3d7(4F)4d       e3H        6    53840.616  .001
                           5    54266.712  .001
                           4    54555.414  .001
3d6(3D)4s4p(3P) Dsp3 5D*   4    54301.336  .001
                           3    53891.522  .001
                           2    53913.016  .002
                           1    53975.74   .012
3d6(3G)4s4p(3P) t3G*       5    53983.289  .003
                           4    54237.411  .001
                           3    54600.346  .001
3d6(3D)4s4p(3P) t5P*       3    54004.714  .001
                           2    54112.226  .001
                           1    54271.058  .002
3d64s(6D)6s     s6D6s5D    4    54479.898  .001
                           3    54864.827  .001
                           2    55134.164  .001
                           1    55305.623  .002
                           0    55390.516  .003
3d7(4F)4d       f3F        4    54683.318  .001
                           3    55124.934  .001
                           2    55378.807  .005
3d6(3G)4s4p(3P) w1G*       4    54810.852  .003
3d7(4F)4d       e3P        2    54879.679  .001
                           1    55376.086  .002
                           0    55726.52   .071
3d6(1G)4s4p(3P) s3G*       5    55429.815  .002
                           4    55905.532  .003
                           3    55790.692  .002
                v3H*       6    55489.738  .003
                           5    55525.558  .002
                           4    55446.004  .003
3d7(a2D)4p      w1D*       2    55754.229  .003
3d7(2H)4p       2H4p 1H*   5    55907.174  .002
3d6(3G)4s4p(3P) Gsp3 1F*   3    56097.832  .002
3d7(4F)6s       4F6s 5F    5    56113.883  .001
                           4    56516.214  .002
                           3    57510.662  .004
                           2    57528.508  .002
                           1    57754.095  .003
3d64s(6D)6p     s6D6p 7D*  5    56120.327  .002
                           4    56516.740  .003
                           3    56555.062  .004
                           2    56933.378  .005
                           1    57164.14   .005
3d64s(6D)5d     s6D5d 5D   4    56207.548  .002
                           3    56337.122  .002
                           2    56479.459  .002
                           1    56735.154  .003
3d64s(6D)6p     s6D6p 7F*  6    56260.978  .003
                           5    56502.953  .003
                           4    56756.700  .004
                           3    57026.956  .004
                           2    57140.420  .001
                           1    57174.426  .002
                           0    57121.600  .003
3d6(1I)4s4p(3P) u3H*       6    56333.956  .003
                           5    56382.658  .002
                           4    56423.279  .002
3d64s(6D)5d     s6D5d 5G   6    56341.856  .002
                           5    56550.630  .001
                           4    56673.141  .002
                           3    57055.612  .002
                           2    57233.839  .002
                s6D5d 7F   6    56427.973  .002
                           5    56842.729  .001
                           4    57307.316  .002
                           3    57084.277  .002
                           2    57029.610  .003
                           1    57213.740  .002
                s6D5d 7D   5    56432.017  .002
                           4    56452.014  .002
                           3    57070.367  .002
                           2    56842.807  .002
                           1    57004.355  .002
                s6D5d 7P   4    56844.471  .002
                           3    56462.012  .003
                           2    57291.234  .002
                s6D5d 7G   7    56536.044  .003
                           6    56874.912  .002
                           5    57126.819  .002
                           4    57155.853  .001
                           3    57361.362  .002
                           2    57450.660  .002
                           1    57320.343  .003
3d64s(6D)6p     s6D6p 7P*  4    56541.592  .003
                           3    56888.419  .002
                           2    57190.208  .002
3d6(1G)4s4p(3P) u3F*       4    56592.699  .002
                           3    56783.318  .002
                           2    56858.649  .003
3d64s(6D)6p     s6D6p 5F*  5    56707.280  .002
                           4    57064.342  .003
                           3    57343.824  .002
                           2    57572.509  .002
                           1    57546.477  .003
3d64s(6D)5d     s6D5d 5S   2    56720.405  .002
                s6D5d 5F   5    56761.874  .002
                           4    57125.246  .002
                           3    56726.888  .001
                           2    56952.209  .002
                           1    57077.839  .002
3d64s(6D)6p     s6D6p 5D*  4    56732.331  .002
                           3    57168.527  .002
                           2    57415.753  .001
                           1    57401.140  .003
                           0    57610.715  .002
3d64s(6D4)4f    s6D44f[7]* 8    56778.787  .003
                           7    56778.769  .003
                s6D44f[6]* 7    56754.128  .002
                           6    56756.499  .002
                s6D44f[5]* 6    56748.897  .001
                           5    56751.095  .001
                s6D44f[4]* 5    56754.722  .001
                           4    56754.928  .001
                s6D44f[3]* 4    56764.763  .001
                           3    56766.049  .001
                s6D44f[2]* 3    56777.258  .001
                           2    56779.534  .001
                s6D44f[1]* 2    56789.695  .002
                           1    56791.619  .002
3d7(4F)6s       4F6s 3F    4    56808.263  .002
                           3    57218.823  .002
                           2    57790.905  .002
3d64s(6D)6p     s6D6p 5P*  3    56871.341  .003
                           2    57437.190  .001
                           1    57741.468  .003
3d7(2H)4p       v1G*       4    56951.297  .003
3d6(1I)4s4p(3P) x3I*       7    57027.509  .003
                           6    57070.167  .003
                           5    57104.213  .007
3d64s(6D3)4f    s6D34f[6]* 7    57152.331  .002
                           6    57153.167  .002
                s6D34f[5]* 6    57146.768  .001
                           5    57147.780  .001
                s6D34f[4]* 5    57145.780  .001
                           4    57147.167  .001
                s6D34f[3]* 4    57149.109  .001
                           3    57149.698  .001
                s6D34f[2]* 3    57149.841  .002
                           2    57152.411  .001
                s6D34f[1]* 2    57154.265  .002
                           1    57152.263  .002
                s6D34f[0]* 1    57154.992  .003
                           0    57156.055  .002
3d6(3D)4s4p(1P) Dsp13D*    3    57346.144  .002
                           2    57074.911  .002
3d64s(6D)5d     s6D5d 5P   3    57160.138  .002
                           2    57403.130  .002
3d64s(6D2)4f    s6D24f[5]* 6    57428.060  .002
                           5    57429.093  .001
                s6D24f[4]* 5    57437.924  .001
                           4    57439.219  .001
                s6D24f[3]* 4    57437.797  .001
                           3    57439.482  .001
                s6D24f[2]* 3    57432.844  .001
                           2    57431.112  .002
                s6D24f[1]* 2    57427.572  .002
                           1    57426.433  .002
                s6D24f[0]* 1    57421.465  .003
3d64s(6D)5d     s6D5d 7S   3    57438.263  .002
3d6(3D)4s4p(3P) t3F*       4    57550.006  .003
                           3    57640.997  .002
                           2    57708.737  .003
3d6(3P)4s4p(1P) Psp13D*    3    57565.301  .002
3d64s(6D1)4f    s6D14f[4]* 5    57620.788  .002
                           4    57621.924  .002
                s6D14f[3]* 4    57641.215  .001
                           3    57642.379  .001
                s6D14f[2]* 3    57631.091  .001
                           2    57632.650  .001
                s6D14f[1]* 2    57618.802  .002
                           1    57617.005  .003
3d64s(4D)4d     s4D4d5F    5    57660.949  .003
                           4    58118.871  .003
                           3    58132.077  .003
                           2    58512.383  .004
                           1    58363.420  .005
                i5D        4    57697.489  .002
                           3    57813.938  .002
                           2    57974.133  .003
                           1    58283.200  .003
3d64s(6D0)4f    s6D04f[3]* 4    57743.129  .001
                           3    57744.928  .001
                s6D04f[2]* 3    57743.048  .002
                           2    57743.366  .002
3d64s(4D)5p     s4D5p 5D*  4    57763.820  .002
                           3    58033.502  .001
                           2    58330.564  .002
                           1    58519.999  .009
3d64s(6D)7s     s6D7s7D    5    57897.047  .005
                           4    58197.910  .003
                           3    58480.304  .003
                           2    58683.800  .003
                           1    58759.575  .003
3d64s(4D)5p     s4D5p 3F*  4    57917.250  .003
                           3    59089.624  .003
                           2    58961.992  .002
                s4D5p 3P*  2    57999.457  .009
                           1    59343.803  .002
3d64s(4D)4d     g5G        6    58001.934  .002
                           5    58271.458  .003
                           4    58520.159  .002
                           3    58710.043  .003
                           2    58824.841  .003
3d6(3H)4s4p(1P) Hsp13G*    5    58018.557  .003
                           4    58334.609  .003
                           3    58600.340  .003
3d64s(4D)5p     s4D5p 3D*  3    58276.256  .003
                           2    58132.245  .002
                           1    58394.860  .002
                s4D5p 5F*  5    58147.003  .002
                           4    58481.297  .002
                           3    58757.624  .002
                           2    58906.112  .002
                           1    58977.498  .002
3d64s(4D)4d     s4D4d 5P   3    58481.851  .003
                           2    58213.120  .002
3d64s(6D)7s     s6D7s5D    4    58321.379  .003
                           3    58762.452  .002
                           2    59035.758  .004
                           1    59113.335  .004
3d64s(4D)4d     s4D4d 3G   5    58492.231  .003
                           4    58965.271  .003
3d7(4F)5d       4F5d 5F    5 *  58591.202  .002
                           4 *  58592.070  .002
Unknown         58661e     4 *  58661.974  .003
3d64s(4D)5p     s4D5p 5P*  3    58674.455  .002
                           2    59105.292  .002
                           1    59360.194  .003
3d64s(4D)4d     s4D4d 3D   3    58682.318  .003
                           2    58979.819  .002
                           1    58965.748  .004
3d7(4F4)4f      4F44f[7]*  8    58718.494  .003
                           7    58722.560  .003
                4F44f[6]*  7    58706.064  .002
                           6    58702.677  .002
                4F44f[5]*  6    58700.536  .002
                           5    58700.830  .002
                4F44f[4]*  5    58707.379  .003
                           4    58704.909  .002
                4F44f[3]*  4    58711.243  .003
                           3    58714.644  .002
                4F44f[2]*  3    58719.036  .002
                           2    58723.285  .002
3d7(4F)5d       4F5d 5H    7 *  58710.807  .05
3d6(3H)4s4p(1P) Hsp13I*    7    58792.251  .002
                           6    58946.728  .003
                           5    59085.823  .003
3d7(4F)5d       4F5d 3G    5 *  58812.011  .05
                           4 *  59204.229  .05
Unknown         58831e     3 *  58831.226  .003
3d64s(4D)4d     s4D4d 5S   2    58921.959  .003
Unknown         58906e     4 *  58906.432  .002
                59077e     1 *  59077.080  .003
3d64s(6D4)6d    s6D46d[6]  7    59179.13   .01
                           6    59146.37   .01
                s6D46d[5]  6    59124.07   .01
                           5    59182.72   .01
                s6D46d[4]  5    59126.75   .01
                           4    59133.61   .01
                s6D46d[3]  4    59235.48   .01
                           3    59251.39   .01
                s6D46d[2]  3    59217.20   .01
3d64s(4D)4d     s4D4d 3S   1    59154.658  .007
3d7(4F3)4f      4F34f[6]*  7    59271.886  .004
                           6    59273.131  .004
                4F34f[5]*  6    59263.919  .003
                           5    59265.021  .002
                4F34f[4]*  5    59264.880  .002
                           4    59262.295  .002
                4F34f[3]*  4    59265.740  .002
                           3    59265.473  .002
                4F34f[2]*  3    59271.314  .003
                           2    59270.154  .002
                4F34f[1]*  2    59276.235  .003
3d64s(4D)4d     s4D4d 3F   4    59301.90   .006
                           3    59522.710  .003
                           2    59815.554  .003
3d64s(6D4)5f    s6D45f[7]* 8 *  59290.421  .003
                           7 *  59290.37   .003
                s6D45f[6]* 7 *  59277.454  .003
                           6 *  59275.88   .003
                s6D45f[5]* 6 *  59274.558  .003
3d64s(6D3)5f    s6D35f[6]* 7 *  59669.0    .003
                           6 *  59670.08   .003
                s6D35f[5]* 5 *  59663.96   .003
3d64s(6D4)5g    s6D45g[8]  9    59335.73   .01
                           8    59335.72   .01
                s6D45g[7]  8    59331.269  .005
                           7    59331.270  .004
                s6D45g[6]  7    59329.645  .004
                           6    59329.642  .004
                s6D45g[5]  6    59329.892  .004
                           5    59329.891  .003
                s6D45g[4]  5    59331.286  .004
                           4    59331.287  .004
                s6D45g[3]  4    59333.255  .004
                           3    59333.257  .004
                s6D45g[2]  3    59335.316  .003
                           2    59335.317  .005
                s6D45g[1]  2    59337.081  .005
                           1    59337.078  .005
                s6D45g[0]  1    59338.255  .007
                           0    59338.27   .007
Unknown         59390e     3 *  59390.68 
3d64s(6D3)6d    s6D36d[5]  6    59541.12   .01
                           5    59556.32   .01
                s6D36d[4]  5    59463.51   .01
                           4    59532.84   .01
                s6D36d[3]  4    59475.63   .01
                           3    59520.30   .01
                s6D36d[2]  3    59538.59   .01
                           2    59514.13   .01
                s6D36d[1]  2    59569.37   .01
                           1    59590.85   .01
3d6(3P)4s4p(1P) Psp13S*    1    59500.624  .003
3d64p2          5D4p27F    5 *  59523.88   .01
                           4 *  59664.70   .01
                           2 *  60533.109  .01
3d7(4F2)4f      4F24f[5]*  5    59682.169  .004
                4F24f[4]*  5    59671.596  .003
                           4    59673.109  .003
                4F24f[3]*  4    59671.463  .002
                           3    59671.958  .005
                4F24f[2]*  3    59679.231  .002
                           2    59680.302  .005
                4F24f[1]*  2    59687.414  .002
3d64s(6D3)5g    s6D35g[7]  8    59717.941  .007
                           7    59717.94   .01
                s6D35g[6]  7    59717.084  .005
                           6    59717.079  .004
                s6D35g[5]  6    59716.793  .004
                           5    59716.792  .003
                s6D35g[4]  5    59716.936  .004
                           4    59716.944  .004
                s6D35g[3]  4    59717.325  .004
                           3    59717.317  .004
                s6D35g[2]  3    59717.764  .004
                           2    59717.759  .004
                s6D35g[1]  2    59718.13   .01
                           1    59718.13   .01
(6D2)6d         s6D26d[4]  5    59718.72   .01
                           4    59725.90   .01
                           3    59886.70   .01
                s6D26d[2]  3    59820.66   .01
                s6D26d[3]  4    59878.64   .01
                           2    59843.56   .01
                s6D26d[1]  2    59780.48   .01
                           1    59766.92   .01
                s6D66d[0]  1    59729.17   .01
3d7(4F1)4f      4F14f[4]*  5    59960.478  .002
                           4    59960.952  .003
                4F14f[3]*  4    59947.019  .002
                           3    59947.320  .003
                4F14f[2]*  3    59952.529  .003
                           2    59947.762  .003
3d64s(6D1)6d    s6D16d[3]  3    60097.02   .01
                s6D16d[2]  3    60075.92   .01
                           2    60085.50   .01
                s6D16d[1]  2    60035.04   .01
                           1    59999.79   .01
                s6D16d[0]  1    59968.52   .01
3d64s(6D2)5g    s6D25g[6]  7    59999.211  .007
                           6    59999.206  .004
                s6D25g[5]  6    60001.343  .004
                           5    60001.337  .004
                s6D25g[4]  5    60001.575  .004
                           4    60001.559  .007
                s6D25g[3]  4    60000.71   .007
                           3    60000.71   .008
                s6D25g[2]  3    59999.394  .005
                           2    59999.390  .006
                s6D25g[1]  2    59998.124  .005
                           1    59998.12   .01
3d6(3F)4s4p(1P) Fsp13F*    4    60095.595  .003
                           3    60172.460  .003
3d64s(6D1)5g    s6D15g[5]  6    60193.670  .007
                           5    60193.666  .005
                s6D15g[4]  5    60197.940  .006
                           4    60197.937  .003
                s6D15g[3]  4    60196.429  .007
                           3    60196.43   .01
                s6D15g[2]  3    60192.14   .007
                           2    60192.14   .01
3d64s(6D0)6d    s6D06d[1]  2    60128.60   .01
                           1    60178.25   .01
3d64s(4D)4d     s4D4d 3P   1    60215.239  .003
3d6(3F)4s4p(1P) Fsp13G*    5    60254.166  .003
                           4    60466.160  .004
                           3    60563.610  .005
3d64s(6D0)5g    s6D05g[4]  5    60309.69   .01
                           4    60309.70   .01
                s6D05g[3]  4    60309.711  .006
                           3    60309.717  .005
3d6(3H)4s4p(1P) t3H*       6    60365.633  .004
                           5    60549.112  .004
                           4    60757.592  .003
3d6(3F)4s4p(1P) Fsp13D*    3    60806.666  .003
Unknown         62079e     6 *  62079.318  .004
                61724e     4 *  61724.825  .004
                62192e     5 *  62192.731  .01
                62377e     4 *  62377.66   .01
3d6(3G)4s4p(1P) Gsp13H*    6    63035.752  .005
