 3.80 41471.539   2410.6348
 3.17 18368.536   5442.6056
 2.20 18113.004   5519.3879
 2.77 18110.729   5520.0813
 2.59 17979.386   5560.4067
 2.54 17938.877   5572.9628
 2.15 17803.363   5615.3827
 2.12 17793.231   5618.5802
 2.27 17644.269   5666.0152
 2.77 17643.663   5666.2096
 2.39 17569.444   5690.1454
 2.53 17545.321   5697.9688
 2.52 17332.564   5767.9115
 2.98 17032.015   5869.6924
 3.39 16976.239   5888.9774
 2.46 16948.140   5898.7411
 2.29 16867.294   5927.0141
 2.19 16833.125   5939.0450
 2.78 16820.519   5943.4963
 2.52 16416.814   6089.6522
 2.83 16403.383   6094.6381
 2.28 16254.730   6150.3749
 2.27 16016.678   6241.7862
 2.07 15945.262   6269.7423
 2.67 15904.414   6285.8449
 2.07 15685.762   6373.4664
 2.45 15506.297   6447.2311
 2.64 15499.402   6450.0990
 2.35 15459.314   6466.8251
 2.51 15381.969   6499.3420
 2.12 15376.929   6501.4725
 2.48 15357.284   6509.7890
 3.03 15348.303   6513.5980
 1.91 15289.469   6538.6626
 2.14 15201.567   6576.4717
 2.60 15178.255   6586.5725
 2.09 15119.028   6612.3748
 2.61 15095.852   6622.5264
 2.48 14938.141   6692.4443
 2.28 14824.802   6743.6095
 2.08 14545.720   6872.9958
 2.68 14353.427   6965.0729
 2.20 14180.472   7050.0237
 2.24 13123.425   7617.8779
 2.40 12958.493   7714.8359
 2.80 12916.319   7740.0267
 2.09 12913.209   7741.8904
 2.76 12865.058   7770.8665
 1.88 12698.215   7872.9688
 2.65 12392.752   8067.0249
 2.10 12135.628   8237.9454
 3.28 11938.937   8373.6631
 2.04 11930.499   8379.5856
 3.22 11923.192   8384.7204
 1.91 11923.096   8384.7883
 2.92 11861.268   8428.4945
 3.10 11807.010   8467.2271
 2.26 11705.986   8540.3000
 3.28 11682.646   8557.3622
 2.94 11385.664   8780.5702
 2.77 11367.107   8794.9043
 3.08 11365.797   8795.9181
 2.37 11351.328   8807.1299
 2.94 11303.885   8844.0939
 2.03 11295.792   8850.4305
 2.26 11293.941   8851.8813
 2.32 11138.431   8975.4664
 2.36 11032.613   9061.5534
 2.15 10971.225   9112.2564
 3.32 10452.751   9564.2382
 2.46 10075.639   9922.2085
 2.83 10071.820   9925.9709
 3.49  9997.5987  9999.6604
 2.29  9981.3252 10015.963
 2.84  9908.6895 10089.385
 2.89  9903.2800 10094.896
 2.06  9898.0324 10100.248
 2.43  9882.2720 10116.356
 2.61  9879.6663 10119.024
 3.01  9872.3366 10126.537
 2.32  9778.3867 10223.832
 2.55  9746.1376 10257.661
 2.15  9613.4048 10399.289
 3.18  9430.0982 10601.434
 2.35  9236.8292 10823.255
 2.14  9214.2681 10849.756
 3.30  9204.0968 10861.746
 2.87  9095.9422 10990.896
 2.44  9084.5968 11004.622
 2.63  9060.0159 11034.479
 2.50  9057.6126 11037.407
 2.86  8953.9108 11165.238
 3.12  8926.6580 11199.325
 2.92  8292.4419 12055.860
 3.03  8291.7651 12056.844
 2.56  8145.4757 12273.379
 2.97  7994.4808 12505.190
 2.08  7714.6066 12958.857
 3.06  7546.1774 13248.094
 2.34  7515.1033 13302.873
 3.62  6755.6055 14798.437
 3.78  6528.5349 15313.141
 4.18  6501.6722 15376.409
 2.40  6042.0952 16545.968
 2.29  6020.0136 16606.659
 1.77  5841.1345 17115.217
 1.75  5756.8145 17365.901
 1.88  5714.1535 17495.551
 2.56  5693.6425 17558.576
 3.72  5035.7002 19852.675
 3.04  4927.8682 20287.087
 3.24  4552.5416 21959.595
 3.21  4529.6761 22070.444
 3.47  4172.0394 23962.338
 4.41  4103.8328 24360.589
 3.94  3587.7518 27864.655
 4.01  3345.8301 29879.358
 2.60  2578.2104 38774.983
 2.84  2468.2960 40501.533
 2.61  2410.0973 41479.485
 2.91  2374.6531 42098.561
 2.90  2373.8052 42113.597
 2.81  2370.7738 42167.443
 2.69  2365.3205 42264.652
 2.80  2152.4802 46443.42
