    1  11.0   5688.220000      2.100000     -0.545863    121.400000
    2  11.0   6154.230000      2.100000     -1.532784     36.600000
    3  11.0   6160.750000      2.100000     -1.240982     54.300000
    4  12.0   4730.040000      4.350000     -2.252602     69.600000
    5  12.0   5711.090000      4.350000     -1.735716    105.600000
    6  12.0   6319.240000      5.110000     -2.342868     25.200000
    7  13.0   6696.030000      3.140000     -1.561717     36.200000
    8  13.0   6698.670000      3.140000     -1.891923     21.100000
    9  14.0   5517.540000      5.080000     -2.497773     12.900000
   10  14.0   5645.610000      4.930000     -2.056820     35.800000
   11  14.0   5684.490000      4.950000     -1.597713     61.200000
   12  14.0   5701.110000      4.930000     -2.019236     37.700000
   13  14.0   5753.640000      5.620000     -1.296319     45.700000
   14  14.0   5772.150000      5.080000     -1.637551     52.000000
   15  14.0   5797.870000      4.950000     -1.892364     43.900000
   16  14.0   5948.540000      5.080000     -1.115341     85.400000
   17  14.0   6125.020000      5.610000     -1.539082     31.700000
   18  14.0   6142.490000      5.620000     -1.500182     33.100000
   19  14.0   6145.020000      5.620000     -1.400108     38.800000
   20  14.0   6195.460000      5.870000     -1.665072     17.100000
   21  14.0   6237.330000      5.610000     -1.053289     61.100000
   22  14.0   6243.820000      5.620000     -1.289193     44.800000
   23  14.0   6244.480000      5.620000     -1.275436     46.200000
   24  14.0   6527.210000      5.870000     -1.190110     38.900000
   25  14.0   6721.850000      5.860000     -1.113268     44.000000
   26  14.0   6741.630000      5.980000     -1.614091     15.500000
   27  20.0   5261.710000      2.520000     -0.549915     97.700000
   28  20.0   5349.470000      2.710000     -0.525170     94.600000
   29  20.0   5512.980000      2.930000     -0.503244     84.800000
   30  20.0   5867.560000      2.930000     -1.597399     25.100000
   31  20.0   6156.020000      2.520000     -2.515564      9.600000
   32  20.0   6161.290000      2.520000     -1.364400     60.600000
   33  20.0   6166.440000      2.520000     -1.215855     69.900000
   34  20.0   6169.040000      2.520000     -0.889106     92.200000
   35  20.0   6449.820000      2.520000     -0.626494     98.100000
   36  20.0   6455.600000      2.520000     -1.374575     56.300000
   37  20.0   6471.670000      2.530000     -0.734324     91.200000
   38  20.0   6499.650000      2.520000     -0.831385     85.800000
   39  21.0   4743.820000      1.450000      0.305000      8.000000
   40  21.0   5520.500000      1.870000      0.565000      6.600000
   41  21.0   5671.820000      1.450000      0.000000     14.600000
   42  21.1   5526.820000      1.770000      0.069005     76.300000
   43  21.1   5657.880000      1.510000     -0.398658     66.900000
   44  21.1   5667.140000      1.500000     -1.121717     33.900000
   45  21.1   5684.190000      1.510000     -1.039737     37.200000
   46  21.1   6245.620000      1.510000     -1.114509     34.900000
   47  21.1   6320.840000      1.500000     -1.957709      8.100000
   48  22.0   4555.490000      0.850000     -0.580967     63.700000
   49  22.0   4562.630000      0.020000     -2.713396     10.900000
   50  22.0   4645.190000      1.730000     -0.662058     22.000000
   51  22.0   4656.470000      0.000000     -1.319186     68.600000
   52  22.0   4675.110000      1.070000     -0.941164     38.100000
   53  22.0   4722.610000      1.050000     -1.433204     18.700000
   54  22.0   4820.410000      1.500000     -0.422454     43.100000
   55  22.0   4913.620000      1.870000      0.079786     50.200000
   56  22.0   4997.100000      0.000000     -2.164840     31.600000
   57  22.0   5016.170000      0.850000     -0.655028     63.200000
   58  22.0   5039.960000      0.020000     -1.200159     75.300000
   59  22.0   5737.070000      1.060000      0.000000     10.400000
   60  22.0   5064.060000      2.690000     -0.473393      5.500000
   61  22.0   5071.490000      1.460000     -0.791079     28.800000
   62  22.0   5113.440000      1.440000     -0.851034     27.000000
   63  22.0   5145.470000      1.460000     -0.613590     37.000000
   64  22.0   5219.700000      0.020000     -2.244890     28.100000
   65  22.0   5490.160000      1.460000     -1.003216     21.400000
   66  22.0   5503.900000      2.580000     -0.211189     12.300000
   67  22.0   5648.570000      2.490000     -0.407227     10.100000
   68  22.0   5662.160000      2.320000     -0.128055     23.500000
   69  22.0   5739.480000      2.250000     -0.776075      7.700000
   70  22.0   5766.330000      3.290000      0.335000      9.600000
   71  22.0   5965.840000      1.880000     -0.472993     26.700000
   72  22.0   5978.550000      1.870000     -0.585248     22.600000
   73  22.0   6064.630000      1.050000     -1.923774      8.300000
   74  22.0   6091.180000      2.270000     -0.437487     15.000000
   75  22.0   6126.220000      1.070000     -1.406426     22.100000
   76  22.0   6258.110000      1.440000     -0.426509     51.500000
   77  22.0   6261.100000      1.430000     -0.471204     49.200000
   78  22.0   6599.120000      0.900000     -2.053986      9.300000
   79  22.1   4583.410000      1.160000     -2.859025     31.800000
   80  22.1   4636.330000      1.160000     -3.162559     19.800000
   81  22.1   4657.200000      1.240000     -2.382377     49.300000
   82  22.1   4708.670000      1.240000     -2.396452     48.900000
   83  22.1   4911.200000      3.120000     -0.526787     52.300000
   84  22.1   5211.540000      2.590000     -1.496005     32.800000
   85  22.1   5381.030000      1.570000     -1.899528     59.100000
   86  22.1   5418.770000      1.580000     -2.107312     49.500000
   87  25.0   4502.210000      2.920000     -0.558006     57.000000
   88  25.0   4671.770000      2.890000     -1.644939     14.800000
   89  25.0   4739.110000      2.940000     -0.484469     60.100000
   90  25.0   5377.620000      3.840000     -0.121762     40.800000
   91  25.0   5399.470000      3.850000     -0.160641     38.500000
   92  25.0   5413.670000      3.860000     -0.551297     21.600000
   93  24.0   4575.110000      3.370000     -1.014165     10.000000
   94  24.0   4600.750000      1.000000     -1.421783     82.300000
   95  24.0   4626.180000      0.970000     -1.433088     83.300000
   96  24.0   4633.250000      3.130000     -1.224842     10.400000
   97  24.0   4700.610000      2.710000     -1.468900     14.000000
   98  24.0   4708.020000      3.170000     -0.083497     55.000000
   99  24.0   4730.720000      3.080000     -0.299216     46.300000
  100  24.0   4767.860000      3.560000     -0.605411     16.100000
  101  24.0   4775.140000      3.550000     -1.037297      6.900000
  102  24.0   4936.340000      3.110000     -0.300660     45.600000
  103  24.0   4964.930000      0.940000     -2.585221     38.100000
  104  24.0   5214.140000      3.370000     -0.788858     16.400000
  105  24.0   5238.970000      2.710000     -1.438556     15.900000
  106  24.0   5247.570000      0.960000     -1.643542     82.000000
  107  24.0   5287.180000      3.440000     -0.965172     10.400000
  108  24.0   5296.700000      0.980000     -1.410150     93.100000
  109  24.0   5300.750000      0.980000     -2.129690     58.900000
  110  24.0   5781.180000      3.320000     -0.890784     15.500000
  111  24.0   5783.070000      3.320000     -0.487208     31.400000
  112  24.0   5787.920000      3.320000     -0.155671     46.000000
  113  24.0   6661.080000      4.190000     -0.226207     12.000000
  114  24.0   6882.520000      3.440000     -0.376979     32.200000
  115  24.1   4588.200000      4.070000     -0.802079     68.500000
  116  24.1   4592.050000      4.070000     -1.292872     47.600000
  117  24.1   4884.610000      3.860000     -2.097782     23.400000
  118  23.0   5670.850000      1.080000     -0.444986     18.800000
  119  23.0   6081.450000      1.050000     -0.650790     14.100000
  120  23.0   6224.510000      0.290000     -1.885526      5.300000
  121  23.0   6251.830000      0.290000     -1.390847     15.000000
  122  23.0   6274.660000      0.270000     -1.702950      8.300000
  123  23.0   6285.170000      0.280000     -1.633009      9.500000
  124  27.0   4594.630000      3.630000     -0.394515     12.500000
  125  27.0   4792.860000      3.250000     -0.186336     32.700000
  126  27.0   4813.480000      3.220000      0.078314     45.900000
  127  27.0   5301.050000      1.710000     -2.055819     19.500000
  128  27.0   5342.710000      4.020000      0.000000     32.300000
  129  27.0   5352.050000      3.580000     -0.114251     24.400000
  130  27.0   5359.200000      4.150000     -0.068331      9.600000
  131  27.0   5647.240000      2.280000     -1.696274     14.000000
  132  27.0   6814.950000      1.960000     -1.912006     18.800000
  133  28.0   4512.990000      3.710000     -1.482888     19.400000
  134  28.0   4811.990000      3.660000     -1.370251     25.600000
  135  28.0   4814.600000      3.600000     -1.690492     16.700000
  136  28.0   4913.980000      3.740000     -0.673710     55.700000
  137  28.0   4946.040000      3.800000     -1.239613     26.200000
  138  28.0   4952.290000      3.610000     -1.263945     32.300000
  139  28.0   4976.330000      1.680000     -3.008329     37.700000
  140  28.0   4995.660000      3.630000     -1.629613     17.900000
  141  28.0   5010.940000      3.630000     -0.930976     48.800000
  142  28.0   5081.110000      3.850000      0.052669     93.500000
  143  28.0   5094.410000      3.830000     -1.120437     30.300000
  144  28.0   5392.330000      4.150000     -1.364884     12.000000
  145  28.0   5435.860000      1.990000     -2.428576     51.700000
  146  28.0   5462.500000      3.850000     -0.898918     41.000000
  147  28.0   5587.870000      1.930000     -2.473526     52.900000
  148  28.0   5589.360000      3.900000     -1.164540     26.700000
  149  28.0   5625.320000      4.090000     -0.737706     37.800000
  150  28.0   5628.350000      4.090000     -1.315875     14.700000
  151  28.0   5638.750000      3.900000     -1.708865      9.800000
  152  28.0   5641.880000      4.110000     -1.031221     24.100000
  153  28.0   5643.080000      4.160000     -1.244069     15.100000
  154  28.0   5694.990000      4.090000     -0.635961     43.100000
  155  28.0   5748.360000      1.680000     -3.285783     28.000000
  156  28.0   5805.220000      4.170000     -0.608995     40.800000
  157  28.0   5847.000000      1.680000     -3.411177     23.000000
  158  28.0   5996.730000      4.240000     -1.020303     20.300000
  159  28.0   6086.290000      4.270000     -0.476554     43.500000
  160  28.0   6108.120000      1.680000     -2.513081     65.000000
  161  28.0   6111.080000      4.090000     -0.837160     34.200000
  162  28.0   6119.760000      4.270000     -1.320819     10.900000
  163  28.0   6128.980000      1.680000     -3.374589     25.300000
  164  28.0   6130.140000      4.270000     -0.945995     22.100000
  165  28.0   6175.370000      4.090000     -0.552447     49.000000
  166  28.0   6176.820000      4.090000     -0.280908     63.700000
  167  28.0   6177.250000      1.830000     -3.541377     14.600000
  168  28.0   6186.720000      4.110000     -0.900556     30.500000
  169  28.0   6204.610000      4.090000     -1.118201     22.000000
  170  28.0   6223.990000      4.110000     -0.964359     27.700000
  171  28.0   6230.100000      4.110000     -1.143539     20.600000
  172  28.0   6322.170000      4.150000     -1.174773     18.400000
  173  28.0   6327.600000      1.680000     -3.087976     38.600000
  174  28.0   6360.810000      4.170000     -1.143255     18.500000
  175  28.0   6378.260000      4.150000     -0.842463     31.800000
  176  28.0   6598.600000      4.240000     -0.915912     24.900000
  177  28.0   6635.130000      4.420000     -0.786793     23.600000
  178  28.0   6767.780000      1.830000     -2.083979     79.200000
  179  28.0   6772.320000      3.660000     -0.993979     49.200000
  180  28.0   6842.040000      3.660000     -1.506078     24.200000
