    1   8.0 6300.304 0.000  -9.780    0.000
    2   8.0 6363.776 0.020 -10.300    0.000
    3  11.0 5682.633 2.100  -0.700    0.000
    4  11.0 5688.193 2.100  -0.420    0.000
    5  11.0 5889.950 0.000   0.110    0.000
    6  11.0 5895.924 0.000  -0.190    0.000
    7  11.0 6154.225 2.100  -1.530    0.000
    8  11.0 6160.747 2.100  -1.230    0.000
    9  12.0 5528.405 4.340  -0.480    0.000
   10  12.0 5711.088 4.340  -1.670    0.000
   11  14.0 5421.178 5.620  -1.430    0.000
   12  14.0 5665.554 4.920  -2.040    0.000
   13  14.0 5690.427 4.930  -1.870    0.000
   14  14.0 5701.105 4.930  -2.050    0.000
   15  14.0 5772.145 5.080  -1.750    0.000
   16  14.0 5793.071 4.930  -2.060    0.000
   17  14.0 5948.540 5.080  -1.230    0.000
   18  14.0 6145.015 5.610  -1.440    0.000
   19  14.0 6155.134 5.620  -0.760    0.000
   20  14.0 6237.320 5.620  -1.010    0.000
   21  14.0 6721.840 5.860  -0.939    0.000
   22  20.0 5512.989 2.930  -0.266    0.000
   23  20.0 5581.965 2.520  -0.469    0.000
   24  20.0 5588.749 2.520   0.437    0.000
   25  20.0 5590.114 2.520  -0.710    0.000
   26  20.0 5594.462 2.520  -0.050    0.000
   27  20.0 5601.277 2.520  -0.438    0.000
   28  20.0 5857.451 2.930   0.230    0.000
   29  20.0 6156.023 2.520  -2.190    0.000
   30  20.0 6161.297 2.520  -1.030    0.000
   31  20.0 6162.173 1.900  -0.090    0.000
   32  20.0 6166.439 2.520  -1.052    0.000
   33  20.0 6169.042 2.520  -0.540    0.000
   34  20.0 6169.563 2.520  -0.270    0.000
   35  20.0 6471.662 2.520  -0.590    0.000
   36  20.0 6493.781 2.520   0.140    0.000
   37  20.0 6499.650 2.540  -0.590    0.000
   38  20.0 6508.850 2.520  -2.120    0.000
   39  20.0 6717.681 2.710  -0.610    0.000
   40  21.1 5526.791 1.768   0.130    0.000
   41  21.1 5657.901 1.507  -0.500    0.000
   42  21.1 5667.148 1.500  -1.240    0.000
   43  21.1 5669.038 1.500  -1.120    0.000
   44  21.1 5684.204 1.507  -1.080    0.000
   45  21.1 6245.640 1.507  -1.130    0.000
   46  21.1 6604.599 1.357  -1.480    0.000
   47  22.0 5426.258 0.020  -3.010    0.000
   48  22.0 5471.197 1.440  -1.390    0.000
   49  22.0 5474.209 1.460  -1.230    0.000
   50  22.0 5490.150 1.460  -0.933    0.000
   51  22.0 5644.140 2.270   0.050    0.000
   52  22.0 5648.567 2.490  -0.252    0.000
   53  22.0 5662.160 2.320  -0.109    0.000
   54  22.0 5679.937 2.470  -0.575    0.000
   55  22.0 5689.490 2.300  -0.469    0.000
   56  22.0 5702.690 2.290  -0.572    0.000
   57  22.0 5739.464 2.250  -0.602    0.000
   58  22.0 5739.982 2.240  -0.671    0.000
   59  22.0 5766.333 3.290   0.360    0.000
   60  22.0 5866.452 1.070  -0.840    0.000
   61  22.0 5880.273 1.050  -2.050    0.000
   62  22.0 5903.317 1.070  -2.140    0.000
   63  22.0 5922.110 1.050  -1.470    0.000
   64  22.0 5937.811 1.070  -1.890    0.000
   65  22.0 5941.752 1.050  -1.520    0.000
   66  22.0 5953.162 1.890  -0.329    0.000
   67  22.0 5965.828 1.880  -0.409    0.000
   68  22.0 5978.543 1.870  -0.496    0.000
   69  22.0 6064.629 1.050  -1.940    0.000
   70  22.0 6091.174 2.270  -0.423    0.000
   71  22.0 6092.798 1.890  -1.380    0.000
   72  22.0 6126.217 1.070  -1.420    0.000
   73  22.0 6258.104 1.440  -0.355    0.000
   74  22.0 6258.709 1.460  -0.240    0.000
   75  22.0 6261.101 1.430  -0.479    0.000
   76  22.0 6303.757 1.440  -1.570    0.000
   77  22.0 6312.220 1.460  -1.550    0.000
   78  22.0 6743.124 0.900  -1.630    0.000
   79  22.0 6861.449 2.270  -0.738    0.000
   80  23.0 5670.854 1.081  -0.425    0.000
   81  23.0 5703.574 1.051  -0.212    0.000
   82  23.0 6081.442 1.051  -0.579    0.000
   83  23.0 6090.218 1.081  -0.062    0.000
   84  23.0 6199.203 0.287  -1.280    0.000
   85  23.0 6243.096 0.301  -0.978    0.000
   86  23.0 6251.818 0.287  -1.340    0.000
   87  23.0 6274.641 0.267  -1.670    0.000
   88  23.0 6285.137 0.275  -1.510    0.000
   89  23.0 6504.160 1.184  -1.230    0.000
   90  24.0 5409.772 1.030  -0.772    0.000
   91  24.0 5702.320 3.450  -0.667    0.000
   92  24.0 5783.090 3.320  -0.500    0.000
   93  24.0 5783.890 3.320  -0.295    0.000
   94  24.0 5785.020 3.320  -0.379    0.000
   95  24.0 5787.960 3.320  -0.083    0.000
   96  24.0 5844.590 3.010  -1.760    0.000
   97  24.0 6630.032 1.030  -3.560    0.000
   98  25.0 5537.742 2.187  -2.020    0.000
   99  25.0 6021.804 3.075   0.034    0.000
  100  26.0 5405.358 4.390  -1.390    0.000
  101  26.0 5405.785 0.990  -1.850    0.000
  102  26.0 5406.779 4.370  -1.620    0.000
  103  26.0 5409.139 4.370  -1.200    0.000
  104  26.0 5410.918 4.470   0.400    0.000
  105  26.0 5415.210 4.390   0.640    0.000
  106  26.0 5417.042 4.410  -1.580    0.000
  107  26.0 5424.080 4.320   0.510    0.000
  108  26.0 5434.534 1.010  -2.130    0.000
  109  26.0 5441.326 4.100  -1.630    0.000
  110  26.0 5445.053 4.390  -0.030    0.000
  111  26.0 5466.390 4.370  -0.620    0.000
  112  26.0 5470.092 4.440  -1.710    0.000
  113  26.0 5473.901 4.150  -0.690    0.000
  114  26.0 5487.144 4.410  -1.430    0.000
  115  26.0 5487.767 4.140  -0.620    0.000
  116  26.0 5493.497 4.100  -1.680    0.000
  117  26.0 5494.461 4.070  -1.990    0.000
  118  26.0 5497.516 1.010  -2.830    0.000
  119  26.0 5501.464 0.960  -3.050    0.000
  120  26.0 5506.791 0.990  -2.790    0.000
  121  26.0 5522.454 4.210  -1.450    0.000
  122  26.0 5525.552 4.230  -1.080    0.000
  123  26.0 5536.583 2.830  -3.710    0.000
  124  26.0 5539.291 3.640  -2.590    0.000
  125  26.0 5553.579 4.430  -1.310    0.000
  126  26.0 5554.882 4.550  -0.350    0.000
  127  26.0 5560.207 4.430  -1.100    0.000
  128  26.0 5567.392 2.610  -2.670    0.000
  129  26.0 5568.867 3.630  -2.850    0.000
  130  26.0 5569.618 3.420  -0.486    0.000
  131  26.0 5572.841 3.400  -0.275    0.000
  132  26.0 5576.090 3.430  -0.920    0.000
  133  26.0 5579.336 4.230  -2.320    0.000
  134  26.0 5586.756 3.370  -0.140    0.000
  135  26.0 5618.631 4.210  -1.630    0.000
  136  26.0 5619.587 4.390  -1.530    0.000
  137  26.0 5620.491 4.150  -1.810    0.000
  138  26.0 5624.040 4.390  -1.220    0.000
  139  26.0 5624.542 3.420  -0.755    0.000
  140  26.0 5641.436 4.260  -1.080    0.000
  141  26.0 5650.020 5.100  -0.820    0.000
  142  26.0 5650.700 4.550  -0.860    0.000
  143  26.0 5652.320 4.260  -1.850    0.000
  144  26.0 5653.890 4.390  -1.540    0.000
  145  26.0 5661.350 4.280  -1.760    0.000
  146  26.0 5662.515 4.180  -0.570    0.000
  147  26.0 5667.517 4.480  -1.500    0.000
  148  26.0 5679.020 4.650  -0.820    0.000
  149  26.0 5680.241 4.190  -2.480    0.000
  150  26.0 5698.023 3.640  -2.580    0.000
  151  26.0 5701.545 2.560  -2.140    0.000
  152  26.0 5705.466 4.300  -1.360    0.000
  153  26.0 5705.980 4.610  -0.490    0.000
  154  26.0 5731.762 4.260  -1.200    0.000
  155  26.0 5741.846 4.260  -1.850    0.000
  156  26.0 5742.961 4.180  -2.410    0.000
  157  26.0 5752.042 4.550  -0.940    0.000
  158  26.0 5753.121 4.260  -0.690    0.000
  159  26.0 5760.345 3.640  -2.390    0.000
  160  26.0 5762.415 3.640  -2.180    0.000
  161  26.0 5762.990 4.210  -0.410    0.000
  162  26.0 5775.056 4.220  -1.300    0.000
  163  26.0 5778.455 2.590  -3.430    0.000
  164  26.0 5793.913 4.220  -1.600    0.000
  165  26.0 5805.756 5.030  -1.490    0.000
  166  26.0 5806.720 4.610  -0.950    0.000
  167  26.0 5807.782 3.290  -3.350    0.000
  168  26.0 5827.875 3.280  -3.310    0.000
  169  26.0 5838.370 3.940  -2.240    0.000
  170  26.0 5849.682 3.690  -2.890    0.000
  171  26.0 5852.217 4.550  -1.230    0.000
  172  26.0 5855.090 4.610  -1.480    0.000
  173  26.0 5856.080 4.290  -1.330    0.000
  174  26.0 5859.596 4.550  -0.550    0.000
  175  26.0 5862.353 4.550  -0.330    0.000
  176  26.0 5873.212 4.260  -2.040    0.000
  177  26.0 5881.279 4.610  -1.740    0.000
  178  26.0 5883.813 3.960  -1.260    0.000
  179  26.0 5927.786 4.650  -0.990    0.000
  180  26.0 5929.667 4.550  -1.310    0.000
  181  26.0 5930.170 4.650  -0.140    0.000
  182  26.0 5934.653 3.930  -1.070    0.000
  183  26.0 5940.989 4.180  -2.050    0.000
  184  26.0 5952.716 3.980  -1.340    0.000
  185  26.0 5956.692 0.860  -4.500    0.000
  186  26.0 5976.787 3.940  -1.330    0.000
  187  26.0 5983.688 4.550  -0.660    0.000
  188  26.0 5984.826 4.730  -0.260    0.000
  189  26.0 6024.050 4.550   0.030    0.000
  190  26.0 6027.050 4.070  -1.090    0.000
  191  26.0 6055.990 4.730  -0.370    0.000
  192  26.0 6065.482 2.610  -1.410    0.000
  193  26.0 6078.499 4.790  -0.330    0.000
  194  26.0 6079.000 4.650  -1.020    0.000
  195  26.0 6089.574 5.020  -0.900    0.000
  196  26.0 6093.670 4.610  -1.400    0.000
  197  26.0 6094.370 4.650  -1.840    0.000
  198  26.0 6096.662 3.980  -1.830    0.000
  199  26.0 6136.615 2.450  -1.410    0.000
  200  26.0 6136.993 2.200  -2.930    0.000
  201  26.0 6137.694 2.590  -1.350    0.000
  202  26.0 6151.617 2.180  -3.370    0.000
  203  26.0 6157.725 4.070  -1.160    0.000
  204  26.0 6159.370 4.610  -1.920    0.000
  205  26.0 6165.361 4.140  -1.470    0.000
  206  26.0 6173.340 2.220  -2.880    0.000
  207  26.0 6180.203 2.730  -2.650    0.000
  208  26.0 6187.987 3.940  -1.620    0.000
  209  26.0 6191.558 2.430  -1.420    0.000
  210  26.0 6200.314 2.610  -2.370    0.000
  211  26.0 6240.645 2.220  -3.170    0.000
  212  26.0 6246.317 3.600  -0.880    0.000
  213  26.0 6252.554 2.400  -1.770    0.000
  214  26.0 6254.256 2.280  -2.430    0.000
  215  26.0 6265.131 2.180  -2.540    0.000
  216  26.0 6271.276 3.330  -2.700    0.000
  217  26.0 6290.974 4.730  -0.730    0.000
  218  26.0 6297.792 2.220  -2.640    0.000
  219  26.0 6301.508 3.650  -0.718    0.000
  220  26.0 6302.499 3.690  -1.110    0.000
  221  26.0 6311.500 2.830  -3.140    0.000
  222  26.0 6315.314 4.140  -1.230    0.000
  223  26.0 6315.809 4.070  -1.610    0.000
  224  26.0 6355.027 2.840  -2.290    0.000
  225  26.0 6358.693 0.860  -4.470    0.000
  226  26.0 6380.746 4.190  -1.380    0.000
  227  26.0 6392.538 2.280  -3.990    0.000
  228  26.0 6393.602 2.430  -1.580    0.000
  229  26.0 6408.026 3.690  -1.020    0.000
  230  26.0 6411.647 3.650  -0.720    0.000
  231  26.0 6421.349 2.280  -2.010    0.000
  232  26.0 6430.844 2.180  -1.950    0.000
  233  26.0 6469.210 4.830  -0.730    0.000
  234  26.0 6475.626 2.560  -2.940    0.000
  235  26.0 6481.869 2.280  -3.010    0.000
  236  26.0 6483.940 1.480  -5.340    0.000
  237  26.0 6494.980 2.400  -1.240    0.000
  238  26.0 6495.737 4.830  -0.840    0.000
  239  26.0 6498.937 0.960  -4.690    0.000
  240  26.0 6533.930 4.560  -1.360    0.000
  241  26.0 6546.239 2.760  -1.540    0.000
  242  26.0 6581.207 1.480  -4.680    0.000
  243  26.0 6592.913 2.730  -1.470    0.000
  244  26.0 6593.871 2.430  -2.370    0.000
  245  26.0 6597.557 4.790  -0.970    0.000
  246  26.0 6608.024 2.280  -3.930    0.000
  247  26.0 6609.110 2.560  -2.660    0.000
  248  26.0 6625.021 1.010  -5.370    0.000
  249  26.0 6627.540 4.550  -1.580    0.000
  250  26.0 6633.750 4.790  -0.800    0.000
  251  26.0 6646.932 2.610  -3.960    0.000
  252  26.0 6648.121 1.010  -5.920    0.000
  253  26.0 6703.568 2.760  -3.060    0.000
  254  26.0 6713.770 4.790  -1.500    0.000
  255  26.0 6715.383 4.610  -1.540    0.000
  256  26.0 6716.220 4.580  -1.850    0.000
  257  26.0 6725.353 4.190  -2.250    0.000
  258  26.0 6726.673 4.610  -1.070    0.000
  259  26.0 6733.150 4.640  -1.480    0.000
  260  26.0 6739.520 1.560  -4.790    0.000
  261  26.0 6746.953 2.610  -4.300    0.000
  262  26.0 6750.150 2.420  -2.580    0.000
  263  26.0 6752.705 4.640  -1.200    0.000
  264  26.0 6783.707 2.590  -3.920    0.000
  265  26.0 6786.856 4.190  -1.970    0.000
  266  26.0 6837.020 4.590  -1.690    0.000
  267  26.0 6839.831 2.560  -3.350    0.000
  268  26.0 6842.680 4.640  -1.220    0.000
  269  26.0 6843.648 4.550  -0.830    0.000
  270  26.0 6851.634 1.610  -5.280    0.000
  271  26.0 6855.180 4.560  -0.740    0.000
  272  26.0 6855.707 4.610  -1.780    0.000
  273  26.0 6858.145 4.610  -0.930    0.000
  274  26.0 6861.950 2.420  -3.850    0.000
  275  26.0 6862.492 4.560  -1.470    0.000
  276  26.1 5414.080 3.220  -3.620    0.000
  277  26.1 5425.260 3.200  -3.240    0.000
  278  26.1 5534.850 3.250  -2.640    0.000
  279  26.1 5991.380 3.150  -3.570    0.000
  280  26.1 6084.110 3.200  -3.800    0.000
  281  26.1 6149.260 3.890  -2.690    0.000
  282  26.1 6247.560 3.890  -2.360    0.000
  283  26.1 6369.460 2.890  -4.200    0.000
  284  26.1 6416.920 3.890  -2.690    0.000
  285  26.1 6516.080 2.890  -3.450    0.000
  286  27.0 5530.791 1.711  -2.060    0.000
  287  27.0 5647.232 2.280  -1.560    0.000
  288  27.0 6189.003 1.710  -2.450    0.000
  289  27.0 6632.447 2.280  -2.000    0.000
  290  28.0 5578.718 1.680  -2.640    0.000
  291  28.0 5587.858 1.930  -2.140    0.000
  292  28.0 5589.358 3.900  -1.140    0.000
  293  28.0 5592.262 1.950  -2.590    0.000
  294  28.0 5593.736 3.900  -0.840    0.000
  295  28.0 5625.317 4.090  -0.701    0.000
  296  28.0 5682.199 4.100  -0.469    0.000
  297  28.0 5748.351 1.680  -3.260    0.000
  298  28.0 5760.830 4.100  -0.805    0.000
  299  28.0 5796.092 1.950  -3.690    0.000
  300  28.0 5805.217 4.170  -0.638    0.000
  301  28.0 5846.994 1.680  -3.210    0.000
  302  28.0 5892.872 1.990  -2.340    0.000
  303  28.0 6053.685 4.230  -1.070    0.000
  304  28.0 6086.282 4.260  -0.515    0.000
  305  28.0 6128.973 1.680  -3.330    0.000
  306  28.0 6130.135 4.260  -0.959    0.000
  307  28.0 6175.367 4.090  -0.535    0.000
  308  28.0 6176.811 4.090  -0.529    0.000
  309  28.0 6177.242 1.830  -3.510    0.000
  310  28.0 6186.711 4.100  -0.965    0.000
  311  28.0 6204.604 4.090  -1.140    0.000
  312  28.0 6314.659 1.930  -1.770    0.000
  313  28.0 6360.818 4.170  -1.150    0.000
  314  28.0 6370.346 3.540  -1.940    0.000
  315  28.0 6378.250 4.150  -0.899    0.000
  316  28.0 6482.798 1.930  -2.630    0.000
  317  28.0 6586.310 1.950  -2.810    0.000
  318  28.0 6598.598 4.230  -0.978    0.000
  319  28.0 6635.122 4.420  -0.828    0.000
  320  28.0 6643.630 1.680  -2.300    0.000
  321  28.0 6767.772 1.830  -2.170    0.000
  322  28.0 6772.315 3.660  -0.987    0.000
  323  28.0 6842.037 3.660  -1.470    0.000
  324  29.0 5782.117 1.642  -1.780    0.000
  325  30.0 6362.340 5.790   0.140    0.000
  326  40.0 6127.440 0.150  -1.060    0.000
  327  40.0 6134.550 0.000  -1.280    0.000
  328  40.0 6143.200 0.070  -1.100    0.000
  329  56.1 5853.700 0.604  -1.010    0.000
  330  56.1 6141.700 0.704  -0.070    0.000
  331  56.1 6496.900 0.604  -0.380    0.000
  332  57.1 6390.480 0.320  -1.410    0.000
  333  57.1 6774.260 0.130  -1.720    0.000
  334  63.1 6645.110 1.380   0.120    0.000
