   6.0   5052.17   7.68   -1.304    33.1   
   6.0   5380.34   7.68   -1.615    21.9   
   6.0   6587.61   8.54   -1.021    13.9   
   6.0   7111.47   8.64   -1.074    10.1   
   6.0   7113.18   8.65   -0.762    22.5   
   8.0   6300.30   0.00   -9.717     5.5   
   8.0   7771.94   9.15    0.369    66.8   
   8.0   7774.17   9.15    0.223    58.8   
   8.0   7775.39   9.15    0.001    45.5   
  11.0   5682.63   2.10   -0.700    96.2   
  11.0   6154.23   2.10   -1.560    36.3   
  11.0   6160.75   2.10   -1.260    56.0   
  12.0   4730.03   4.35   -2.523    65.3   
  12.0   5711.09   4.35   -1.833   100.6   
  12.0   6841.19   5.75   -1.610    63.9   
  12.0   6965.41   5.75   -1.510    20.9   
  13.0   6696.02   3.14   -1.347    37.8   
  13.0   6698.67   3.14   -1.647    21.1   
  13.0   7362.30   4.02   -0.748    37.1   
  14.0   5690.43   4.93   -1.769    53.6   
  14.0   5701.10   4.93   -1.581    38.9   
  14.0   5708.40   4.95   -1.034    71.6   
  14.0   5772.15   5.08   -1.358    49.8   
  14.0   6125.02   5.61   -1.464    30.7   
  14.0   6142.48   5.62   -1.295    34.7   
  14.0   6145.02   5.62   -1.310    37.5   
  14.0   6243.81   5.62   -1.242    44.5   
  14.0   6244.47   5.62   -1.093    44.5   
  14.0   6414.98   5.87   -1.035    44.9   
  14.0   6741.63   5.98   -1.428    15.4   
  14.0   6848.58   5.86   -1.524    16.8   
  14.0   7003.57   5.96   -0.937    56.2   
  14.0   7405.77   5.61   -0.313    91.1   
  16.0   4694.11   6.53   -1.770    12.5   
  16.0   4695.44   6.53   -1.920     6.4   
  20.0   5867.56   2.93   -1.570    27.8   
  20.0   6161.30   2.52   -1.266    62.6   
  20.0   6166.44   2.52   -1.142    67.8   
  20.0   6169.04   2.52   -0.797    88.8   
  20.0   6169.56   2.53   -0.478   107.5   
  20.0   6455.60   2.52   -1.340    55.1   
  20.0   6493.78   2.52   -0.109   121.3   
  20.0   6499.65   2.52   -0.818    83.1   
  20.0   6572.78   0.00   -4.240    32.8   
  20.0   7326.15   2.93   -0.208   106.8   
  21.1   6245.64   1.51   -1.030    33.5   
  21.1   6320.85   1.50   -1.819     9.9   
  21.1   6604.60   1.36   -1.309    37.1   
  22.0   5022.87   0.83   -0.434    69.8   
  22.0   5024.84   0.82   -0.602    68.9   
  22.0   5039.96   0.02   -1.130    72.4   
  22.0   5064.65   0.05   -0.991    85.9   
  22.0   5210.39   0.05   -0.884    86.6   
  22.0   5739.47   2.25   -0.600     8.7   
  22.0   5866.45   1.07   -0.840    46.6   
  22.0   6091.17   2.27   -0.423    14.7   
  22.0   6098.66   3.06   -0.010     5.6   
  22.0   6258.10   1.44   -0.355    48.9   
  22.0   6261.10   1.43   -0.479    51.8   
  22.0   7138.91   1.44   -1.590     7.2   
  22.1   4779.98   2.05   -1.260    62.0   
  22.1   5154.07   1.57   -1.750    71.1   
  22.1   5336.79   1.58   -1.590    68.8   
  22.1   5381.02   1.57   -1.920    56.8   
  22.1   7355.44   2.60   -1.916    21.7   
  23.0   5727.05   1.08   -0.012    37.8   
  23.0   5737.06   1.06   -0.740    10.3   
  23.0   6081.44   1.05   -0.579    15.5   
  23.0   6090.21   1.08   -0.062    32.7   
  23.0   6111.65   1.04   -0.715    10.6   
  23.0   6224.53   0.29   -2.010     5.9   
  23.0   6243.10   0.30   -0.980    28.7   
  23.0   6251.83   0.29   -1.340    15.1   
  23.0   6285.15   0.28   -1.510     9.6   
  24.0   5702.31   3.45   -0.667    25.3   
  24.0   5783.06   3.32   -0.500    30.7   
  24.0   5783.85   3.32   -0.295    41.2   
  24.0   5787.92   3.32   -0.083    43.7   
  24.0   6330.09   0.94   -2.920    27.3   
  24.0   6978.40   3.46    0.142    57.4   
  24.0   6979.80   3.46   -0.410    36.9   
  24.0   7400.25   2.90   -0.111    73.9   
  25.0   5399.50   3.85   -0.287    37.2   
  25.0   5432.55   0.00   -3.795    48.7   
  26.0   5522.45   4.21   -1.550    43.1   
  26.0   5543.94   4.22   -1.140    59.7   
  26.0   5546.50   4.37   -1.310    49.8   
  26.0   5546.99   4.22   -1.910    26.9   
  26.0   5560.21   4.43   -1.190    51.5   
  26.0   5577.03   5.03   -1.550    11.4   
  26.0   5579.34   4.23   -2.400     9.6   
  26.0   5587.57   4.14   -1.850    37.4   
  26.0   5646.68   4.26   -2.500     6.9   
  26.0   5651.47   4.47   -2.000    17.6   
  26.0   5652.32   4.26   -1.950    25.6   
  26.0   5661.35   4.28   -1.740    22.5   
  26.0   5677.68   4.10   -2.700     7.3   
  26.0   5679.02   4.65   -0.920    58.6   
  26.0   5680.24   4.19   -2.580     9.1   
  26.0   5731.76   4.26   -1.300    54.6   
  26.0   5732.27   4.99   -1.560    14.9   
  26.0   5741.85   4.26   -1.850    30.1   
  26.0   5752.03   4.55   -1.180    52.6   
  26.0   5775.08   4.22   -1.300    58.9   
  26.0   5778.45   2.59   -3.480    21.9   
  26.0   6079.00   4.65   -1.120    45.6   
  26.0   6085.26   2.76   -3.100    42.0   
  26.0   6098.24   4.56   -1.880    17.3   
  26.0   6105.13   4.55   -2.050    11.4   
  26.0   6151.62   2.18   -3.300    49.8   
  26.0   6159.37   4.61   -1.970    11.7   
  26.0   6165.36   4.14   -1.470    43.5   
  26.0   6173.34   2.22   -2.880    65.9   
  26.0   6187.99   3.94   -1.720    46.6   
  26.0   6220.78   3.88   -2.460    19.7   
  26.0   6226.73   3.88   -2.220    28.5   
  26.0   6240.65   2.22   -3.230    46.0   
  26.0   6293.92   4.84   -1.720    13.9   
  26.0   6380.74   4.19   -1.380    52.5   
  26.0   6392.54   2.28   -4.030    18.1   
  26.0   6496.47   4.79   -0.570    61.8   
  26.0   6498.94   0.96   -4.700    46.6   
  26.0   6597.56   4.79   -1.070    44.5   
  26.0   6608.02   2.28   -4.030    17.9   
  26.0   6627.54   4.55   -1.680    27.2   
  26.0   6646.93   2.61   -3.990     8.7   
  26.0   6653.85   4.15   -2.520     9.2   
  26.0   6667.71   4.58   -2.110     9.5   
  26.0   6703.57   2.76   -3.160    36.6   
  26.0   6704.48   4.22   -2.660     6.6   
  26.0   6710.32   1.49   -4.880    15.7   
  26.0   6713.74   4.80   -1.600    19.8   
  26.0   6716.22   4.58   -1.920    15.5   
  26.0   6725.35   4.10   -2.300    16.6   
  26.0   6726.67   4.61   -1.130    44.8   
  26.0   6732.06   4.58   -2.210     8.3   
  26.0   6733.15   4.64   -1.580    26.3   
  26.0   6739.52   1.56   -4.790    11.2   
  26.0   6745.96   4.08   -2.770     6.9   
  26.0   6750.15   2.42   -2.620    72.0   
  26.0   6752.72   4.64   -1.300    35.8   
  26.0   6777.41   4.19   -2.820     7.5   
  26.0   6786.86   4.19   -2.070    24.6   
  26.0   6793.26   4.08   -2.330    12.7   
  26.0   7114.55   2.69   -4.010     9.9   
  26.1   6084.11   3.20   -3.881    21.0   
  26.1   6113.32   3.22   -4.230    11.1   
  26.1   6149.26   3.89   -2.841    35.4   
  26.1   6239.95   3.89   -3.573    12.1   
  26.1   6247.56   3.89   -2.435    51.0   
  26.1   6432.68   2.89   -3.687    39.5   
  26.1   7222.39   3.89   -3.402    20.5   
  26.1   7449.34   3.89   -3.488    19.6   
  26.1   7479.69   3.89   -3.630     8.8   
  26.1   7515.83   3.90   -3.551    13.7   
  26.1   7711.72   3.90   -2.683    44.7   
  27.0   5301.04   1.71   -2.000    19.5   
  27.0   5647.23   2.28   -1.560    13.9   
  27.0   6093.14   1.74   -2.440     8.0   
  27.0   6595.86   3.71   -0.647     6.0   
  27.0   6632.43   2.28   -2.000     9.6   
  27.0   6678.80   1.96   -2.680     6.2   
  27.0   6814.94   1.96   -1.900    19.0   
  28.0   5748.35   1.68   -3.260    28.3   
  28.0   5754.65   1.94   -2.330    74.0   
  28.0   5760.83   4.11   -0.800    32.6   
  28.0   5805.21   4.17   -0.640    40.4   
  28.0   5846.99   1.68   -3.210    22.7   
  28.0   6108.11   1.68   -2.450    63.0   
  28.0   6111.07   4.09   -0.870    33.9   
  28.0   6128.96   1.68   -3.330    24.5   
  28.0   6130.13   4.27   -0.960    20.8   
  28.0   6133.96   4.09   -1.830     5.1   
  28.0   6175.36   4.09   -0.559    47.2   
  28.0   6176.81   4.09   -0.260    61.1   
  28.0   6177.24   1.83   -3.500    14.8   
  28.0   6186.71   4.11   -0.960    30.2   
  28.0   6204.60   4.09   -1.100    22.7   
  28.0   6223.98   4.11   -0.910    27.0   
  28.0   6230.09   4.11   -1.260    20.5   
  28.0   6327.59   1.68   -3.150    38.7   
  28.0   6370.34   3.54   -1.940    12.1   
  28.0   6378.25   4.15   -0.830    30.9   
  28.0   6598.59   4.24   -0.980    25.1   
  28.0   6635.12   4.42   -0.820    24.6   
  28.0   6643.63   1.68   -2.300    89.6   
  28.0   6767.77   1.83   -2.170    76.4   
  28.0   6842.03   3.66   -1.480    25.7   
  30.0   4722.15   4.03   -0.338    67.0   
  30.0   4810.53   4.08   -0.137    68.0   
