    1  24.0  4496.840   0.940   -1.140   82.7   
    2  24.0  4529.840   2.540   -1.350   17.1   
    3  24.0  4535.120   2.540   -1.020   29.5   
    4  24.0  4541.060   2.540   -1.150   24.3   
    5  24.0  4545.950   0.940   -1.370   78.2   
    6  24.0  4591.390   0.970   -1.740   61.9   
    7  24.0  4600.740   1.000   -1.250   77.8   
    8  24.0  4613.360   0.960   -1.650   66.2   
    9  24.0  4616.120   0.980   -1.190   81.0   
   10  24.0  4626.170   0.970   -1.330   76.1   
   11  24.0  4628.470   3.140   -1.400    6.1   
   12  24.0  4633.260   3.130   -1.110    9.0   
   13  24.0  4639.500   3.110   -0.910   15.1   
   14  24.0  4646.150   1.030   -0.740   92.0   
   15  24.0  4651.280   0.980   -1.460   73.7   
   16  24.0  4652.150   1.000   -1.040   92.0   
   17  24.0  4689.380   3.130   -0.400   36.0   
   18  24.0  4695.150   2.980   -1.120   15.3   
   19  24.0  4708.020   3.170    0.070   53.8   
   20  24.0  4718.430   3.200    0.240   62.5   
   21  24.0  4745.270   2.710   -1.380   11.7   
   22  24.0  4789.340   2.540   -0.330   59.2   
   23  24.0  4790.340   2.540   -1.480   12.5   
   24  24.0  4885.960   3.090   -1.120   12.8   
   25  24.0  4936.340   3.110   -0.250   42.4   
   26  24.0  4953.710   3.120   -1.480   4.2   
   27  24.0  5177.420   3.430   -0.530   18.1   
   28  24.0  5200.210   3.380   -0.580   20.8   
   29  24.0  5220.910   3.380   -0.890   9.8   
   30  24.0  5225.810   2.710   -1.500   12.8   
   31  24.0  5238.960   2.710   -1.270   14.9   
   32  24.0  5241.450   2.710   -1.920   3.4   
   33  24.0  5243.360   3.390   -0.580   18.6   
   34  24.0  5247.570   0.960   -1.590   77.6   
   35  24.0  5255.130   3.460   -0.100   34.3   
   36  24.0  5265.160   3.430   -0.350   24.5   
   37  24.0  5287.200   3.440   -0.870   9.8   
   38  24.0  5296.690   0.980   -1.360   87.6   
   39  24.0  5300.740   0.980   -2.000   54.2   
   40  24.0  5304.180   3.460   -0.670   14.4   
   41  24.0  5318.810   3.440   -0.670   13.7   
   42  24.0  5340.470   3.440   -0.730   12.9   
   43  24.0  5345.800   1.000   -0.950   107.2   
   44  24.0  5348.310   1.000   -1.210   93.4   
   45  24.0  5409.770   1.030   -0.670   125.7   
   46  24.0  5628.620   3.420   -0.740   14.0   
   47  24.0  5712.750   3.010   -1.030   14.7   
   48  24.0  5719.810   3.010   -1.580   4.2   
   49  24.0  5781.160   3.010   -1.000   14.1   
   50  24.0  5844.590   3.010   -1.770   3.8   
   51  24.1  4558.650   4.070   -0.660   76.8   
   52  24.1  4588.200   4.070   -0.830   70.4   
   53  24.1  4592.050   4.070   -1.420   47.4   
   54  24.1  4634.080   4.070   -0.980   59.4   
   55  24.1  4848.250   3.860   -1.000   60.7   
