    1  26.1   4508.280000      2.860000     -2.512667     88.659300
    2  26.1   4520.220000      2.810000     -2.658545     83.241000
    3  26.0   4523.400000      3.650000     -1.913819     46.425500
    4  26.0   4531.620000      3.210000     -1.851563     65.446300
    5  26.1   4534.170000      2.860000     -3.231614     56.616500
    6  26.0   4537.670000      3.270000     -2.888258     19.260600
    7  26.1   4541.520000      2.860000     -2.831702     73.866900
    8  26.0   4551.650000      3.940000     -1.957212     31.459800
    9  26.0   4554.460000      2.870000     -2.804271     39.418400
   10  26.0   4556.930000      3.250000     -2.657021     28.458600
   11  26.0   4561.410000      2.760000     -2.901474     38.203600
   12  26.0   4566.520000      3.300000     -2.174318     47.479300
   13  26.0   4574.220000      3.210000     -2.415818     42.876700
   14  26.0   4574.720000      2.280000     -2.872850     62.032400
   15  26.1   4576.340000      2.840000     -3.009801     68.588200
   16  26.0   4579.330000      2.830000     -3.039196     29.626500
   17  26.1   4582.840000      2.840000     -3.151248     61.060400
   18  26.0   4593.530000      3.940000     -1.950384     31.798200
   19  26.0   4596.410000      3.650000     -2.120124     36.654800
   20  26.0   4602.000000      1.610000     -3.199266     73.943100
   21  26.0   4602.950000      1.490000     -2.440716    112.693600
   22  26.0   4607.650000      3.980000     -0.862154     81.552300
   23  26.1   4620.510000      2.830000     -3.270138     56.770800
   24  26.0   4625.050000      3.240000     -1.514462     89.200900
   25  26.1   4629.340000      2.810000     -2.399450     97.601800
   26  26.0   4630.120000      2.280000     -2.557121     76.808700
   27  26.0   4631.490000      4.550000     -1.918860     12.676100
   28  26.0   4635.850000      2.850000     -2.412305     55.819700
   29  26.1   4656.980000      2.890000     -3.693175     36.889400
   30  26.0   4661.540000      4.560000     -1.219835     39.022100
   31  26.1   4670.170000      2.580000     -4.028438     34.956600
   32  26.0   4690.140000      3.690000     -1.614818     60.255800
   33  26.0   4741.530000      2.830000     -2.073816     70.716600
   34  26.0   4749.950000      4.560000     -1.265273     36.292500
   35  26.0   4757.580000      3.270000     -2.018497     56.606700
   36  26.0   4772.820000      1.560000     -2.818872     91.438900
   37  26.0   4779.440000      3.420000     -2.178670     42.796800
   38  26.0   4780.810000      3.250000     -3.238755     10.598600
   39  26.0   4787.830000      3.000000     -2.565744     46.095700
   40  26.0   4788.760000      3.240000     -1.790888     66.146400
   41  26.0   4789.650000      3.550000     -1.257457     80.152600
   42  26.0   4793.970000      3.050000     -3.482686      9.545100
   43  26.0   4794.360000      2.420000     -3.910092     13.676100
   44  26.0   4799.410000      3.640000     -2.098556     37.360700
   45  26.0   4802.520000      4.610000     -1.723725     16.457600
   46  26.0   4802.880000      3.690000     -1.574894     59.406100
   47  26.0   4808.150000      3.250000     -2.642320     29.670500
   48  26.0   4809.940000      3.570000     -2.564990     21.033800
   49  26.0   4811.050000      3.070000     -3.199190     15.890500
   50  26.0   4885.430000      3.880000     -1.208186     68.896500
   51  26.0   4905.140000      3.930000     -1.840828     38.171100
   52  26.1   4923.930000      2.890000     -1.774447    146.745000
   53  26.0   4924.770000      2.280000     -2.165857     97.222200
   54  26.0   4946.390000      3.370000     -1.215631    105.935400
   55  26.0   4952.650000      4.210000     -1.236134     53.927500
   56  26.0   4961.920000      3.630000     -2.324180     28.497000
   57  26.0   4962.580000      4.180000     -1.242904     54.518500
   58  26.0   4967.900000      4.190000     -0.801410     76.316300
   59  26.0   4993.700000      4.210000     -1.181673     56.459500
   60  26.0   4994.140000      0.920000     -3.315960    102.000800
   61  26.0   5044.220000      2.850000     -2.221511     72.106700
   62  26.0   5049.820000      2.280000     -1.635851    139.799700
   63  26.0   5054.650000      3.640000     -2.007574     41.932700
   64  26.0   5067.150000      4.220000     -0.947675     71.997800
   65  26.0   5068.770000      2.940000     -1.265187    137.005100
   66  26.0   5072.680000      4.220000     -1.034748     63.236200
   67  26.0   5074.760000      4.220000     -0.513522    101.388800
   68  26.0   5083.340000      0.960000     -3.165875    109.675800
   69  26.0   5088.150000      4.150000     -1.592014     40.805600
   70  26.0   5090.780000      4.260000     -0.737447     83.655500
   71  26.0   5107.450000      0.990000      0.000000    220.233600
   72  26.0   5107.650000      1.560000      0.000000    219.541300
   73  26.0   5109.650000      4.300000     -0.834137     75.632200
   74  26.0   5127.360000      0.920000     -3.409795     99.019000
   75  26.0   5129.630000      3.940000     -1.512983     54.168100
   76  26.1   5132.670000      2.810000     -4.023103     27.182300
   77  26.0   5141.740000      2.420000     -2.211435     89.036800
   78  26.0   5143.730000      2.200000     -3.830057     24.240900
   79  26.0   5151.910000      1.010000     -3.248250    102.888200
   80  26.0   5159.060000      4.280000     -0.988502     67.039200
   81  26.0   5180.060000      4.470000     -1.159102     48.840600
   82  26.0   5187.910000      4.140000     -1.237695     56.885700
   83  26.0   5194.950000      1.560000     -2.550404    114.903700
   84  26.0   5195.480000      4.220000     -0.554070     90.080700
   85  26.0   5196.060000      4.260000     -0.898473     68.960000
   86  26.1   5197.570000      3.230000     -2.403181     85.882700
   87  26.0   5197.940000      4.300000     -1.521955     37.528400
   88  26.0   5198.720000      2.220000     -2.344026     92.803400
   89  26.0   5217.400000      3.210000     -1.252987    117.581400
   90  26.0   5223.190000      3.630000     -2.267167     31.449900
   91  26.0   5225.530000      0.110000     -4.796221     74.061700
   92  26.0   5228.380000      4.220000     -1.157409     60.049900
   93  26.0   5229.860000      3.280000     -1.123737    127.295100
   94  26.1   5234.630000      3.220000     -2.322416     84.837000
   95  26.0   5242.500000      3.630000     -1.194573     80.885300
   96  26.0   5243.780000      4.260000     -1.092000     62.013400
   97  26.0   5247.060000      0.090000     -4.973354     67.662800
   98  26.0   5250.210000      0.120000     -4.891815     69.949300
   99  26.0   5253.020000      2.280000     -3.860585     20.543100
  100  26.0   5253.470000      3.280000     -1.798627     74.840400
  101  26.1   5256.940000      2.890000     -4.035239     24.268500
  102  26.0   5263.310000      3.270000     -1.058994    133.004100
  103  26.1   5264.810000      3.230000     -3.117240     48.848800
  104  26.1   5284.110000      2.890000     -3.167681     60.204200
  105  26.0   5288.530000      3.690000     -1.650968     56.702700
  106  26.0   5293.960000      4.140000     -1.771070     32.075200
  107  26.0   5294.550000      3.640000     -2.627243     17.367800
  108  26.0   5295.320000      4.420000     -1.559457     30.832900
  109  26.0   5361.620000      4.420000     -1.252415     46.000300
  110  26.0   5373.710000      4.470000     -0.962757     60.228400
  111  26.0   5376.830000      4.290000     -2.056907     16.170500
  112  26.0   5379.580000      3.690000     -1.592991     60.093000
  113  26.0   5386.340000      4.150000     -1.733248     34.568700
  114  26.0   5389.480000      4.420000     -0.655445     81.525700
  115  26.0   5395.220000      4.450000     -1.744509     21.863200
  116  26.0   5398.280000      4.450000     -0.781292     71.726200
  117  26.0   5401.270000      4.320000     -1.733656     27.006000
  118  26.0   5406.780000      4.370000     -1.484633     36.752400
  119  26.0   5409.140000      4.370000     -1.112705     56.233100
  120  26.1   5414.070000      3.220000     -3.598753     29.237400
  121  26.0   5417.040000      4.420000     -1.440463     36.597000
  122  26.1   5425.250000      3.200000     -3.255298     43.849400
  124  26.0   5432.950000      4.450000     -0.816266     69.324200
  125  26.0   5436.300000      4.390000     -1.347570     42.325200
  126  26.0   5436.590000      2.280000     -3.287811     46.078800
  127  26.0   5441.340000      4.310000     -1.600134     34.055700
  128  26.0   5461.550000      4.450000     -1.594125     27.935700
  129  26.0   5464.280000      4.140000     -1.622889     39.036100
  130  26.0   5466.990000      3.650000     -2.156480     35.808600
  131  26.0   5473.170000      4.190000     -2.008292     21.339300
  132  26.0   5481.250000      4.100000     -1.265326     61.734400
  133  26.0   5491.830000      4.190000     -2.200089     14.813600
  134  26.0   5522.450000      4.210000     -1.458396     45.340900
  135  26.1   5525.120000      3.270000     -4.014165     14.064100
  136  26.0   5534.660000      4.150000      0.000000     61.722700
  137  26.1   5534.850000      3.250000     -2.803967     61.722700
  138  26.0   5538.520000      3.630000     -2.118861     38.910100
  139  26.0   5543.940000      4.220000     -1.135961     61.863900
  140  26.0   5546.510000      4.370000     -1.196940     51.415000
  141  26.0   5547.000000      4.220000     -1.754979     30.496800
  142  26.0   5553.580000      4.430000     -1.354076     40.305900
  143  26.0   5560.220000      4.430000     -1.151606     51.484700
  144  26.0   5567.400000      2.610000     -2.633297     62.283600
  145  26.0   5577.030000      5.030000     -1.498864     12.745900
  146  26.0   5584.770000      3.570000     -2.197342     37.672700
  147  26.0   5587.580000      4.140000     -1.680420     36.788500
  148  26.0   5594.660000      4.550000     -0.901455     56.218800
  149  26.0   5618.640000      4.210000     -1.345650     51.467100
  150  26.0   5619.600000      4.390000     -1.474818     36.044600
  151  26.0   5633.950000      4.990000     -0.460844     59.720700
  152  26.0   5635.830000      4.260000     -1.601250     36.807900
  153  26.0   5636.700000      3.640000     -2.530540     21.293500
  154  26.0   5638.270000      4.220000     -0.902772     75.498400
  155  26.0   5641.440000      4.260000     -1.031745     65.722500
  156  26.0   5649.990000      5.100000     -0.832568     35.526000
  157  26.0   5651.470000      4.470000     -1.785817     20.035100
  158  26.0   5652.320000      4.260000     -1.776017     28.048600
  159  26.0   5653.870000      4.390000     -1.439703     38.104600
  160  26.0   5661.350000      4.280000     -1.845788     24.270900
  161  26.0   5662.520000      4.180000     -0.695925     84.253500
  162  26.0   5667.520000      4.180000     -1.335249     51.619900
  163  26.0   5679.030000      4.650000     -0.828729     59.526400
  164  26.0   5680.240000      4.190000     -2.343625     11.563200
  165  26.0   5701.550000      2.560000     -2.233971     84.664800
  166  26.0   5715.090000      4.280000     -0.906990     68.176900
  167  26.0   5720.900000      4.550000     -1.828526     16.419700
  168  26.0   5731.770000      4.260000     -1.179049     58.016900
  169  26.0   5738.240000      4.220000     -2.182687     14.914100
  170  26.0   5741.850000      4.260000     -1.657703     33.564500
  171  26.0   5752.040000      4.550000     -0.968134     53.034600
  172  26.0   5775.080000      4.220000     -1.166642     58.078500
  173  26.0   5778.460000      4.150000     -1.985100     23.466000
  174  26.0   5793.920000      4.220000     -1.641614     36.188000
  175  26.0   5806.730000      4.610000     -0.933274     55.193700
  176  26.0   5809.220000      3.880000     -1.663653     53.056400
  177  26.0   5811.920000      4.140000     -2.351392     12.588700
  178  26.0   5814.810000      4.280000     -1.835146     24.894400
  179  26.0   5815.220000      4.150000     -2.392369     11.533800
  180  26.0   5827.880000      3.280000     -3.175082     12.605900
  181  26.0   5852.220000      4.550000     -1.220449     41.956300
  182  26.0   5853.150000      1.490000     -5.125594      8.586000
  183  26.0   5855.080000      4.610000     -1.562383     23.824800
  184  26.0   5856.090000      4.290000     -1.586478     34.481900
  185  26.0   5862.360000      4.550000     -0.498661     78.456000
  186  26.0   5902.480000      4.590000     -1.820780     15.250200
  187  26.0   5905.680000      4.650000     -0.847544     58.537200
  188  26.0   5916.260000      2.450000     -2.945622     55.744400
  189  26.0   5927.790000      4.650000     -1.101190     44.247100
  190  26.0   5929.680000      4.550000     -1.257524     40.124400
  191  26.0   5930.190000      4.650000     -0.518654     78.573300
  192  26.0   5934.660000      3.930000     -1.188935     78.971900
  193  26.0   5956.700000      0.860000     -4.539223     55.547000
  194  26.0   5983.690000      4.550000     -0.774353     63.211800
  195  26.0   5984.820000      4.730000     -0.417837     74.888600
  196  26.0   5987.070000      4.790000     -0.555052     64.406600
  197  26.1   5991.380000      3.150000     -3.554082     33.984600
  198  26.0   6005.550000      2.590000     -3.490926     24.218800
  199  26.0   6024.060000      4.550000     -0.275555    101.542000
  200  26.0   6027.060000      4.080000     -1.225893     62.269400
  201  26.0   6034.040000      4.310000     -2.323042      9.864100
  202  26.0   6035.340000      4.290000     -2.484311      7.255500
  203  26.0   6054.080000      4.370000     -2.258950      9.951800
  204  26.0   6056.010000      4.730000     -0.642061     66.871000
  205  26.0   6065.490000      2.610000     -1.760083    113.834400
  206  26.0   6078.490000      4.790000     -0.436309     70.843800
  207  26.0   6079.010000      4.650000     -1.049298     46.875000
  208  26.0   6082.720000      2.220000     -3.586019     36.443700
  209  26.1   6084.110000      3.200000     -3.798222     22.934700
  210  26.0   6089.570000      4.580000     -1.300665     35.953700
  211  26.0   6094.380000      4.650000     -1.588506     21.367000
  212  26.0   6096.670000      3.980000     -1.816039     40.544500
  213  26.0   6098.250000      4.560000     -1.786051     17.610200
  214  26.1   6113.320000      3.220000     -4.122614     12.655400
  215  26.0   6120.250000      0.920000     -5.903648      5.836500
  216  26.0   6127.910000      4.140000     -1.459580     48.286400
  217  26.1   6149.250000      3.890000     -2.739711     38.590400
  218  26.0   6151.620000      2.180000     -3.324443     51.344600
  219  26.0   6157.730000      4.080000     -1.278291     59.680100
  220  26.0   6159.380000      4.610000     -1.900436     13.005300
  221  26.0   6165.360000      4.140000     -1.533945     44.550400
  222  26.0   6173.340000      2.220000     -2.910800     69.217900
  223  26.0   6180.210000      2.730000     -2.666958     56.643100
  224  26.0   6187.990000      3.940000     -1.667329     50.558200
  225  26.0   6200.320000      2.610000     -2.441809     73.778000
  226  26.0   6213.440000      2.220000     -2.644681     83.057600
  227  26.0   6219.290000      2.200000     -2.533649     89.682000
  228  26.0   6220.790000      3.880000     -2.365528     20.354300
  229  26.0   6226.740000      3.880000     -2.097457     31.410700
  230  26.0   6229.240000      2.850000     -2.903917     39.907900
  231  26.0   6232.650000      3.650000     -1.305427     78.517700
  232  26.1   6238.390000      3.890000     -2.556227     46.665900
  233  26.1   6239.940000      3.890000     -3.469454     13.493600
  234  26.0   6240.650000      2.220000     -3.310167     50.144500
  235  26.1   6247.560000      3.890000     -2.392479     54.071900
  236  26.0   6265.140000      2.180000     -2.628652     86.134700
  237  26.0   6270.230000      2.860000     -2.608927     53.883500
  238  26.0   6290.980000      4.730000     -0.641987     62.779800
  239  26.0   6297.800000      2.220000     -2.820062     74.466400
  240  26.0   6303.460000      4.320000     -2.488649      6.946600
  241  26.0   6315.810000      4.080000     -1.666295     41.358700
  242  26.0   6322.690000      2.590000     -2.428490     76.465700
  243  26.0   6335.340000      2.200000     -2.428959     96.766500
  244  26.0   6336.830000      3.690000     -1.018859    110.081100
  245  26.0   6358.680000      0.860000     -3.946965     85.288500
  246  26.1   6369.460000      2.890000     -4.142723     21.112900
  247  26.0   6380.750000      4.190000     -1.351306     51.384800
  248  26.0   6385.720000      4.730000     -1.847181     11.670100
  249  26.0   6392.540000      2.280000     -3.961187     19.073600
  250  26.1   6407.290000      3.890000     -2.906240     31.327100
  251  26.1   6416.930000      3.890000     -2.653087     42.372400
  252  26.0   6430.850000      2.180000     -2.234642    110.545800
  253  26.1   6432.690000      2.890000     -3.604309     43.101300
  254  26.1   6442.970000      5.550000     -2.401361      5.894300
  255  26.1   6456.390000      3.900000     -2.176990     64.153600
  256  26.0   6481.880000      2.280000     -2.967008     65.232900
  257  26.0   6498.940000      0.960000     -4.648692     47.477400
  258  26.1   6516.090000      2.890000     -3.313675     56.490100
  259  26.0   6581.210000      1.490000     -4.714793     20.607600
  260  26.0   6593.880000      2.430000     -2.447657     84.364600
  261  26.0   6608.030000      2.280000     -3.980190     18.859400
  262  26.0   6609.120000      2.560000     -2.667579     66.539400
  263  26.0   6625.020000      1.010000     -5.296121     17.183600
  264  26.0   6627.550000      4.550000     -1.496267     29.792600
  265  26.0   6646.940000      2.610000     -3.919527     11.367700
  266  26.0   6653.860000      4.150000     -2.420538     11.471900
  267  26.0   6699.150000      4.590000     -2.123931      8.955200
  268  26.0   6703.570000      2.760000     -3.043509     38.442200
  269  26.0   6705.110000      4.610000     -1.092772     45.815500
  270  26.0   6710.320000      1.490000     -4.829068     17.031800
  271  26.0   6713.050000      4.610000     -1.270385     36.994300
  272  26.0   6713.200000      4.140000      0.000000     36.994300
  273  26.0   6713.740000      4.790000     -1.458166     22.357900
  274  26.0   6725.360000      4.100000     -2.207499     19.041500
  275  26.0   6726.670000      4.610000     -1.084819     46.184000
  276  26.0   6732.070000      4.580000     -2.172225      8.137100
  277  26.0   6733.150000      4.640000     -1.461520     28.037200
  278  26.0   6739.520000      1.560000     -4.906083     12.862200
  279  26.0   6745.110000      4.580000     -2.104625      9.488200
  280  26.0   6745.970000      4.080000     -2.668257      7.892400
  281  26.0   6750.160000      2.420000     -2.675382     73.952800
  282  26.0   6752.710000      4.640000     -1.271788     36.629400
  283  26.0   6786.860000      4.190000     -1.915136     27.402200
  284  26.0   6793.260000      4.580000     -1.932566     13.347700
  285  26.0   6806.850000      2.730000     -3.126805     36.270200
  286  26.0   6810.270000      4.610000     -1.043581     51.108900
  287  26.0   6820.370000      4.640000     -1.176306     42.369200
  288  26.0   6828.600000      3.570000     -1.926427     58.126200
  289  26.0   6833.230000      4.640000     -1.970264     11.161300
  290  26.0   6837.010000      4.590000     -1.746506     18.258100
  291  26.0   6839.840000      2.560000     -3.388999     31.664000
  292  26.0   6842.690000      4.640000     -1.209592     40.656500
  293  26.0   6843.660000      4.550000     -0.927818     60.246100
  294  26.0   6855.720000      4.610000     -1.702895     19.807300
  295  26.0   6857.250000      4.080000     -2.103780     23.315100
  296  26.0   6858.150000      4.610000     -1.019431     51.790800
  297  26.0   6861.940000      2.420000     -3.806661     20.613800
  298  26.0   6862.500000      4.560000     -1.463959     31.362900
  299  26.0   6864.320000      4.560000     -2.239847      7.565000
