   1   26.1 4508.28 2.86    -2.403   87.3
   2   26.1 4520.22 2.81    -2.563   81.9
   3   26.0 4523.40 3.65    -1.871   44.2
   4   26.0 4531.62 3.21    -1.801   66.4
   5   26.1 4534.17 2.86    -3.203   53.7
   6   26.0 4537.67 3.27    -2.870   17.4
   7   26.1 4541.52 2.86    -2.762   71.5
   8   26.0 4551.65 3.94    -1.928   29.1
   9   26.0 4554.46 2.87    -2.752   37.4
  10   26.0 4556.93 3.25    -2.644   26.3
  11   26.0 4561.41 2.76    -2.879   36.5
  12   26.0 4566.52 3.30    -2.156   46.2
  13   26.0 4574.22 3.21    -2.353   41.0
  14   26.0 4574.72 2.28    -2.823   59.6
  15   26.1 4576.34 2.84    -2.947   64.9
  16   26.0 4579.33 2.83    -3.024   27.3
  17   26.1 4582.84 2.84    -3.076   59.7
  18   26.0 4593.53 3.94    -1.921   29.5
  19   26.0 4596.41 3.65    -2.090   34.1
  20   26.0 4602.00 1.61    -3.163   72.2
  21   26.0 4602.95 1.49    -2.291   123.9
  22   26.0 4607.65 3.98    -0.754   90.0
  23   26.1 4620.51 2.83    -3.234   53.9
  24   26.0 4625.05 3.24    -1.222   96.7
  25   26.1 4629.34 2.81    -2.262   97.9
  26   26.0 4630.12 2.28    -2.488   74.3
  27   26.0 4631.49 4.55    -1.890   11.6
  28   26.0 4635.85 2.85    -2.384   55.5
  29   26.1 4656.98 2.89    -3.676   33.8
  30   26.0 4661.54 4.56    -1.186   38.5
  31   26.1 4670.17 2.58    -4.011   32.0
  32   26.0 4690.14 3.69    -1.550   58.8
  33   26.0 4741.53 2.83    -2.027   73.1
  34   26.0 4749.95 4.56    -1.236   36.0
  35   26.0 4757.58 3.27    -1.988   56.3
  36   26.0 4772.82 1.56    -2.752   94.0
  37   26.0 4779.44 3.42    -2.162   41.4
  38   26.0 4780.81 3.25    -3.236   9.2
  39   26.0 4787.83 3.00    -2.532   42.8
  40   26.0 4788.76 3.24    -1.791   67.0
  41   26.0 4789.65 3.55    -1.171   85.5
  42   26.0 4793.97 3.05    -3.464   8.6
  43   26.0 4794.36 2.42    -3.892   12.4
  44   26.0 4799.41 3.64    -2.073   35.9
  45   26.0 4802.52 4.61    -1.714   14.9
  46   26.0 4802.88 3.69    -1.527   60.4
  47   26.0 4808.15 3.25    -2.630   27.7
  48   26.0 4809.94 3.57    -2.542   19.4
  49   26.0 4811.05 3.07    -3.182   14.5
  50   26.0 4885.43 3.88    -1.136   72.5
  51   26.0 4905.14 3.93    -1.818   35.5
  52   26.1 4923.93 2.89    -1.541   154.3
  53   26.0 4924.77 2.28    -2.058   97.9
  54   26.0 4946.39 3.37    -1.049   103.7
  55   26.0 4952.65 4.21    -1.184   55.1
  56   26.0 4961.92 3.63    -2.301   26.7
  57   26.0 4962.58 4.18    -1.209   55.1
  58   26.0 4967.90 4.19    -0.720   82.9
  59   26.0 4993.70 4.21    -1.138   57.6
  60   26.0 4994.14 0.92    -3.171   105.3
  61   26.0 5044.22 2.85    -2.038   73.6
  62   26.0 5049.82 2.28    -1.432   149.3
  63   26.0 5054.65 3.64    -1.992   40.6
  64   26.0 5067.15 4.22    -0.860   73.0
  65   26.0 5068.77 2.94    -1.074   131.1
  66   26.0 5072.68 4.22    -0.983   65.9
  67   26.0 5074.76 4.22    -0.229   120.4
  68   26.0 5083.34 0.96    -3.047   111.3
  69   26.0 5088.15 4.15    -1.554   38.9
  70   26.0 5090.78 4.26    -0.514   93.8
  71   26.0 5107.45 0.99    -3.151   104.3
  72   26.0 5107.65 1.56    -2.600   105.7
  73   26.0 5109.65 4.30    -0.736   76.8
  74   26.0 5127.36 0.92    -3.317   99.4
  75   26.0 5129.63 3.94    -1.469   53.1
  76   26.1 5132.67 2.81    -4.008   24.6
  77   26.0 5141.74 2.42    -2.125   89.3
  78   26.0 5143.73 2.20    -3.811   22.3
  79   26.0 5151.91 1.01    -3.155   103.6
  80   26.0 5159.06 4.28    -0.846   71.2
  81   26.0 5180.06 4.47    -1.105   47.6
  82   26.0 5187.91 4.14    -1.202   57.9
  83   26.0 5194.95 1.56    -2.333   124.4
  84   26.0 5195.48 4.22    -0.441   101.8
  85   26.0 5196.06 4.26    -0.827   73.4
  86   26.1 5197.57 3.23    -2.293   80.1
  87   26.0 5197.94 4.30    -1.491   35.5
  88   26.0 5198.72 2.22    -2.164   97.4
  89   26.0 5217.40 3.21    -1.082   112.9
  90   26.0 5223.19 3.63    -2.252   29.4
  91   26.0 5225.53 0.11    -4.773   72.2
  92   26.0 5228.38 4.22    -1.095   60.0
  93   26.0 5229.86 3.28    -0.935   120.4
  94   26.1 5234.63 3.22    -2.235   83.5
  95   26.0 5242.50 3.63    -1.124   86.7
  96   26.0 5243.78 4.26    -1.022   62.2
  97   26.0 5247.06 0.09    -4.941   66.4
  98   26.0 5250.21 0.12    -4.870   68.0
  99   26.0 5253.02 2.28    -3.855   18.3
 100   26.0 5253.47 3.28    -1.591   77.6
 101   26.1 5256.94 2.89    -4.019   21.7
 102   26.0 5263.31 3.27    -0.864   127.9
 103   26.1 5264.81 3.23    -3.091   45.6
 104   26.1 5284.11 2.89    -3.132   57.6
 105   26.0 5288.53 3.69    -1.612   57.8
 106   26.0 5293.96 4.14    -1.747   30.6
 107   26.0 5294.55 3.64    -2.627   15.5
 108   26.0 5295.32 4.42    -1.518   29.3
 109   26.0 5361.62 4.42    -1.205   44.9
 110   26.0 5373.71 4.47    -0.841   62.8
 111   26.0 5376.83 4.29    -2.040   14.7
 112   26.0 5379.58 3.69    -1.552   61.2
 113   26.0 5386.34 4.15    -1.709   32.1
 114   26.0 5389.48 4.42    -0.534   84.6
 115   26.0 5395.22 4.45    -1.724   20.0
 116   26.0 5398.28 4.45    -0.684   73.3
 117   26.0 5401.27 4.32    -1.712   25.1
 118   26.0 5406.78 4.37    -1.429   35.8
 119   26.0 5409.14 4.37    -1.051   55.7
 120   26.1 5414.07 3.22    -3.568   26.9
 121   26.0 5417.04 4.42    -1.404   34.8
 122   26.1 5425.25 3.20    -3.234   41.1
 124   26.0 5432.95 4.45    -0.729   70.6
 125   26.0 5436.30 4.39    -1.319   40.5
 126   26.0 5436.59 2.28    -3.267   43.7
 127   26.0 5441.34 4.31    -1.558   32.4
 128   26.0 5461.55 4.45    -1.570   26.1
 129   26.0 5464.28 4.14    -1.595   38.2
 130   26.0 5466.99 3.65    -2.141   34.2
 131   26.0 5473.17 4.19    -1.986   19.5
 132   26.0 5481.25 4.10    -1.203   60.5
 133   26.0 5491.83 4.19    -2.195   13.3
 134   26.0 5522.45 4.21    -1.419   44.0
 135   26.1 5525.12 3.27    -4.000   12.4
 136   26.0 5534.66 4.15    -2.391   9.7
 137   26.1 5534.85 3.25    -2.792   58.1
 138   26.0 5538.52 3.63    -2.090   37.7
 139   26.0 5543.94 4.22    -1.070   62.2
 140   26.0 5546.51 4.37    -1.124   52.0
 141   26.0 5547.00 4.22    -1.741   28.1
 142   26.0 5553.58 4.43    -1.321   38.8
 143   26.0 5560.22 4.43    -1.064   52.4
 144   26.0 5567.40 2.61    -2.594   60.8
 145   26.0 5577.03 5.03    -1.485   11.5
 146   26.0 5584.77 3.57    -2.189   35.8
 147   26.0 5587.58 4.14    -1.656   35.5
 148   26.0 5594.66 4.55    -0.858   58.3
 149   26.0 5618.64 4.21    -1.298   50.5
 150   26.0 5619.60 4.39    -1.435   35.0
 151   26.0 5633.95 4.99    -0.385   66.5
 152   26.0 5635.83 4.26    -1.556   35.1
 153   26.0 5636.70 3.64    -2.511   19.8
 154   26.0 5638.27 4.22    -0.809   77.6
 155   26.0 5641.44 4.26    -0.969   66.2
 156   26.0 5649.99 5.10    -0.785   36.2
 157   26.0 5651.47 4.47    -1.763   18.4
 158   26.0 5652.32 4.26    -1.751   26.3
 159   26.0 5653.87 4.39    -1.402   36.7
 160   26.0 5661.35 4.28    -1.828   22.5
 161   26.0 5662.52 4.18    -0.601   93.4
 162   26.0 5667.52 4.18    -1.292   52.4
 163   26.0 5679.03 4.65    -0.756   59.5
 164   26.0 5680.24 4.19    -2.330   10.3
 165   26.0 5701.55 2.56    -2.162   84.5
 166   26.0 5715.09 4.28    -0.847   72.5
 167   26.0 5720.90 4.55    -1.805   14.9
 168   26.0 5731.77 4.26    -1.124   57.8
 169   26.0 5738.24 4.22    -2.164   13.6
 170   26.0 5741.85 4.26    -1.626   32.0
 171   26.0 5752.04 4.55    -0.917   55.2
 172   26.0 5775.08 4.22    -1.124   59.8
 173   26.0 5778.46 4.15    -1.967   22.0
 174   26.0 5793.92 4.22    -1.622   34.0
 175   26.0 5806.73 4.61    -0.877   54.6
 176   26.0 5809.22 3.88    -1.614   50.4
 177   26.0 5811.92 4.14    -2.333   11.4
 178   26.0 5814.81 4.28    -1.820   23.0
 179   26.0 5815.22 4.15    -2.364   10.5
 180   26.0 5827.88 3.28    -3.147   11.7
 181   26.0 5852.22 4.55    -1.190   40.5
 182   26.0 5853.15 1.49    -5.130   7.5
 183   26.0 5855.08 4.61    -1.531   22.3
 184   26.0 5856.09 4.29    -1.572   33.4
 185   26.0 5862.36 4.55    -0.404   87.6
 186   26.0 5902.48 4.59    -1.797   14.2
 187   26.0 5905.68 4.65    -0.775   58.7
 188   26.0 5916.26 2.45    -2.920   54.2
 189   26.0 5927.79 4.65    -1.057   42.9
 190   26.0 5929.68 4.55    -1.211   39.5
 191   26.0 5930.19 4.65    -0.326   87.9
 192   26.0 5934.66 3.93    -1.091   76.4
 193   26.0 5956.70 0.86    -4.526   53.7
 194   26.0 5983.69 4.55    -0.719   67.2
 195   26.0 5984.82 4.73    -0.335   83.0
 196   26.0 5987.07 4.79    -0.478   70.2
 197   26.1 5991.38 3.15    -3.539   31.2
 198   26.0 6005.55 2.59    -3.479   22.4
 199   26.0 6024.06 4.55    -0.124   110.5
 200   26.0 6027.06 4.08    -1.178   64.4
 201   26.0 6034.04 4.31    -2.306   8.8
 202   26.0 6035.34 4.29    -2.476   6.5
 203   26.0 6054.08 4.37    -2.237   9.1
 204   26.0 6056.01 4.73    -0.489   72.6
 205   26.0 6065.49 2.61    -1.616   117.9
 206   26.0 6078.49 4.79    -0.364   77.9
 207   26.0 6079.01 4.65    -1.008   45.8
 208   26.0 6082.72 2.22    -3.566   34.5
 209   26.1 6084.11 3.20    -3.774   20.9
 210   26.0 6089.57 4.58    -1.273   35.3
 211   26.0 6094.38 4.65    -1.566   19.9
 212   26.0 6096.67 3.98    -1.776   38.2
 213   26.0 6098.25 4.56    -1.755   16.5
 214   26.1 6113.32 3.22    -4.108   11.3
 215   26.0 6120.25 0.92    -5.894   5.2
 216   26.0 6127.91 4.14    -1.417   48.9
 217   26.1 6149.25 3.89    -2.719   36.2
 218   26.0 6151.62 2.18    -3.298   49.7
 219   26.0 6157.73 4.08    -1.238   61.5
 220   26.0 6159.38 4.61    -1.878   11.9
 221   26.0 6165.36 4.14    -1.502   44.5
 222   26.0 6173.34 2.22    -2.877   68.0
 223   26.0 6180.21 2.73    -2.632   55.8
 224   26.0 6187.99 3.94    -1.620   48.2
 225   26.0 6200.32 2.61    -2.397   73.0
 226   26.0 6213.44 2.22    -2.580   82.6
 227   26.0 6219.29 2.20    -2.463   89.6
 228   26.0 6220.79 3.88    -2.330   19.0
 229   26.0 6226.74 3.88    -2.069   29.2
 230   26.0 6229.24 2.85    -2.866   38.6
 231   26.0 6232.65 3.65    -1.240   83.3
 232   26.1 6238.39 3.89    -2.526   44.4
 233   26.1 6239.94 3.89    -3.448   12.2
 234   26.0 6240.65 2.22    -3.292   48.3
 235   26.1 6247.56 3.89    -2.347   52.2
 236   26.0 6265.14 2.18    -2.559   86.0
 237   26.0 6270.23 2.86    -2.573   52.8
 238   26.0 6290.98 4.73    -0.576   67.5
 239   26.0 6297.80 2.22    -2.777   73.5
 240   26.0 6303.46 4.32    -2.492   6.0
 241   26.0 6315.81 4.08    -1.645   40.5
 242   26.0 6322.69 2.59    -2.368   76.0
 243   26.0 6335.34 2.20    -2.339   97.2
 244   26.0 6336.83 3.69    -0.858   107.0
 245   26.0 6358.68 0.86    -3.907   84.4
 246   26.1 6369.46 2.89    -4.131   19.1
 247   26.0 6380.75 4.19    -1.322   52.2
 248   26.0 6385.72 4.73    -1.828   10.7
 249   26.0 6392.54 2.28    -3.942   17.8
 250   26.1 6407.29 3.89    -2.899   29.4
 251   26.1 6416.93 3.89    -2.625   40.5
 252   26.0 6430.85 2.18    -2.127   112.1
 253   26.1 6432.69 2.89    -3.572   41.0
 254   26.1 6442.97 5.55    -2.399   5.1
 255   26.1 6456.39 3.90    -2.110   63.0
 256   26.0 6481.88 2.28    -2.929   64.1
 257   26.0 6498.94 0.96    -4.627   46.1
 258   26.1 6516.09 2.89    -3.279   54.2
 259   26.0 6581.21 1.49    -4.706   19.0
 260   26.0 6593.88 2.43    -2.384   84.6
 261   26.0 6608.03 2.28    -3.967   17.4
 262   26.0 6609.12 2.56    -2.632   65.7
 263   26.0 6625.02 1.01    -5.284   16.1
 264   26.0 6627.55 4.55    -1.475   28.2
 265   26.0 6646.94 2.61    -3.915   10.3
 266   26.0 6653.86 4.15    -2.407   10.4
 267   26.0 6699.15 4.59    -2.106   8.2
 268   26.0 6703.57 2.76    -3.022   36.9
 269   26.0 6705.11 4.61    -1.057   46.5
 270   26.0 6710.32 1.49    -4.810   15.9
 271   26.0 6713.05 4.61    -1.514   24.3
 272   26.0 6713.20 4.14    -2.438   10.0
 273   26.0 6713.74 4.79    -1.425   21.2
 274   26.0 6725.36 4.10    -2.187   17.6
 275   26.0 6726.67 4.61    -1.045   47.2
 276   26.0 6732.07 4.58    -2.144   7.7
 277   26.0 6733.15 4.64    -1.429   26.7
 278   26.0 6739.52 1.56    -4.902   11.7
 279   26.0 6745.11 4.58    -2.094   8.6
 280   26.0 6745.97 4.08    -2.657   7.2
 281   26.0 6750.16 2.42    -2.615   74.0
 282   26.0 6752.71 4.64    -1.234   35.8
 283   26.0 6786.86 4.19    -1.886   25.5
 284   26.0 6793.26 4.58    -1.901   12.7
 285   26.0 6806.85 2.73    -3.103   34.7
 286   26.0 6810.27 4.61    -0.995   50.2
 287   26.0 6820.37 4.64    -1.134   41.1
 288   26.0 6828.60 3.57    -1.871   55.5
 289   26.0 6833.23 4.64    -1.975   9.8
 290   26.0 6837.01 4.59    -1.732   17.3
 291   26.0 6839.84 2.56    -3.377   29.9
 292   26.0 6842.69 4.64    -1.169   39.3
 293   26.0 6843.66 4.55    -0.867   60.7
 294   26.0 6855.72 4.61    -1.674   18.6
 295   26.0 6857.25 4.08    -2.075   22.4
 296   26.0 6858.15 4.61    -0.972   51.6
 297   26.0 6861.94 2.42    -3.795   18.9
 298   26.0 6862.50 4.56    -1.437   29.9
 299   26.0 6864.32 4.56    -2.229   6.8
