    1  11.0   5688.220000      2.100000   -0.628000     119.247000     -0.628000
    2  11.0   6154.230000      2.100000   -1.622000      35.680000     -1.622000
    3  11.0   6160.750000      2.100000   -1.363000      55.776000     -1.363000
    4  12.0   4730.040000      4.350000   -2.234000      69.403000     -2.234000
    5  12.0   5711.090000      4.350000   -1.777000     103.617000     -1.777000
    6  12.0   6319.240000      5.110000   -2.300000      28.556000     -2.300000
    7  12.0   6318.720000      5.110000   -1.996000      42.839000     -1.996000
    8  13.0   6696.030000      3.140000   -1.571000      36.631000     -1.571000
    9  13.0   6698.670000      3.140000   -1.886000      19.924000     -1.886000
   10  14.0   5517.540000      5.080000   -2.496000      12.042000     -2.496000
   11  14.0   5621.600000      5.080000   -2.500000       8.692000     -2.500000
   12  14.0   5645.610000      4.930000   -2.068000      35.092000     -2.068000
   13  14.0   5684.490000      4.950000   -1.642000      59.108000     -1.642000
   14  14.0   5690.430000      4.930000   -1.790000      47.640000     -1.790000
   15  14.0   5701.110000      4.930000   -2.034000      37.795000     -2.034000
   16  14.0   5753.640000      5.620000   -1.333000      45.397000     -1.333000
   17  14.0   5772.150000      5.080000   -1.669000      51.008000     -1.669000
   18  14.0   5797.870000      4.950000   -1.912000      41.664000     -1.912000
   19  14.0   5948.540000      5.080000   -1.208000      83.065000     -1.208000
   20  14.0   6125.020000      5.610000   -1.555000      30.388000     -1.555000
   21  14.0   6142.490000      5.620000   -1.520000      33.430000     -1.520000
   22  14.0   6145.020000      5.620000   -1.425000      37.397000     -1.425000
   23  14.0   6195.460000      5.870000   -1.666000      16.869000     -1.666000
   24  14.0   6237.330000      5.610000   -1.116000      59.937000     -1.116000
   25  14.0   6243.820000      5.620000   -1.331000      45.535000     -1.331000
   26  14.0   6244.480000      5.620000   -1.310000      43.953000     -1.310000
   27  14.0   6414.990000      5.870000   -1.100000      45.854000     -1.100000
   28  14.0   6527.210000      5.870000   -1.227000      38.890000     -1.227000
   29  14.0   6583.710000      5.950000   -1.640000      14.542000     -1.640000
   30  14.0   6721.850000      5.860000   -1.156000      42.282000     -1.156000
   31  14.0   6741.630000      5.980000   -1.625000      14.263000     -1.625000
   32  20.0   5261.710000      2.520000   -0.677000      97.387000     -0.677000
   33  20.0   5349.470000      2.710000   -0.581000      92.772000     -0.581000
   34  20.0   5512.980000      2.930000   -0.559000      83.753000     -0.559000
   35  20.0   5867.560000      2.930000   -1.592000      22.760000     -1.592000
   36  20.0   6156.020000      2.520000   -2.497000       8.992000     -2.497000
   37  20.0   6161.290000      2.520000   -1.313000      62.414000     -1.313000
   38  20.0   6166.440000      2.520000   -1.155000      68.699000     -1.155000
   39  20.0   6169.040000      2.520000   -0.800000      90.404000     -0.800000
   40  20.0   6449.820000      2.520000   -0.733000     100.047000     -0.733000
   41  20.0   6455.600000      2.520000   -1.404000      55.371000     -1.404000
   42  20.0   6471.670000      2.530000   -0.825000      90.398000     -0.825000
   43  20.0   6499.650000      2.520000   -0.917000      84.587000     -0.917000
   47  21.1   5526.820000      1.770000    0.140000      71.520000      0.140000
   48  21.1   5657.880000      1.510000   -0.326000      67.187000     -0.326000
   49  21.1   5667.140000      1.500000   -1.025000      32.670000     -1.025000
   50  21.1   5684.190000      1.510000   -0.946000      36.429000     -0.946000
   51  21.1   6245.620000      1.510000   -1.022000      33.539000     -1.022000
   52  21.1   6320.840000      1.500000   -1.863000       7.326000     -1.863000
   53  21.1   6604.600000      1.360000   -1.160000      35.113000     -1.160000
   54  22.0   4555.490000      0.850000   -0.575000      63.326000     -0.575000
   55  22.0   4562.630000      0.020000   -2.718000      10.258000     -2.718000
   56  22.0   4645.190000      1.730000   -0.666000      21.241000     -0.666000
   57  22.0   4656.470000      0.000000   -1.308000      66.204000     -1.308000
   58  22.0   4675.110000      1.070000   -0.939000      36.118000     -0.939000
   59  22.0   4722.610000      1.050000   -1.433000      18.288000     -1.433000
   60  22.0   4820.410000      1.500000   -0.429000      40.993000     -0.429000
   61  22.0   4913.620000      1.870000    0.068000      48.242000      0.068000
   62  22.0   4997.100000      0.000000   -2.174000      30.458000     -2.174000
   63  22.0   5016.170000      0.850000   -0.657000      63.100000     -0.657000
   64  22.0   5039.960000      0.020000   -1.199000      74.670000     -1.199000
   65  22.0   5064.060000      2.690000   -0.471000       5.536000     -0.471000
   66  22.0   5071.490000      1.460000   -0.797000      27.649000     -0.797000
   67  22.0   5113.440000      1.440000   -0.861000      25.861000     -0.861000
   68  22.0   5145.470000      1.460000   -0.622000      35.546000     -0.622000
   69  22.0   5219.700000      0.020000   -2.254000      26.633000     -2.254000
   70  22.0   5490.160000      1.460000   -1.008000      20.754000     -1.008000
   71  22.0   5503.900000      2.580000   -0.218000      13.263000     -0.218000
   72  22.0   5648.570000      2.490000   -0.410000       9.830000     -0.410000
   73  22.0   5662.160000      2.320000   -0.123000      22.222000     -0.123000
   74  22.0   5739.480000      2.250000   -0.781000       7.054000     -0.781000
   76  22.0   5866.450000      1.070000   -0.840000      47.005000     -0.840000
   77  22.0   5965.840000      1.880000   -0.492000      27.097000     -0.492000
   78  22.0   5978.550000      1.870000   -0.602000      23.160000     -0.602000
   79  22.0   6064.630000      1.050000   -1.941000       8.011000     -1.941000
   80  22.0   6091.180000      2.270000   -0.445000      14.059000     -0.445000
   81  22.0   6126.220000      1.070000   -1.416000      21.230000     -1.416000
   82  22.0   6258.110000      1.440000   -0.435000      50.044000     -0.435000
   83  22.0   6261.100000      1.430000   -0.491000      46.976000     -0.491000
   84  22.0   6599.120000      0.900000   -2.069000       8.908000     -2.069000
   85  22.1   4583.410000      1.160000   -2.840000      30.330000     -2.840000
   86  22.1   4636.330000      1.160000   -3.152000      18.657000     -3.152000
   87  22.1   4657.200000      1.240000   -2.379000      49.744000     -2.379000
   88  22.1   4708.670000      1.240000   -2.392000      49.653000     -2.392000
   89  22.1   4911.200000      3.120000   -0.537000      44.266000     -0.537000
   90  22.1   5211.540000      2.590000   -1.490000      31.987000     -1.490000
   91  22.1   5381.030000      1.570000   -1.904000      57.657000     -1.904000
   92  22.1   5418.770000      1.580000   -2.104000      48.036000     -2.104000
   93  25.0   4502.210000      2.920000   -0.523000      59.283000     -0.523000
   94  25.0   4671.770000      2.890000   -1.567000      15.280000     -1.567000
   95  25.0   4739.110000      2.940000   -0.462000      59.268000     -0.462000
   96  25.0   5377.620000      3.840000   -0.068000      41.751000     -0.068000
   97  25.0   5399.470000      3.850000   -0.104000      37.232000     -0.104000
   98  25.0   5413.670000      3.860000   -0.476000      21.828000     -0.476000
   99  24.0   4575.110000      3.370000   -1.004000       9.411000     -1.004000
  100  24.0   4600.750000      1.000000   -1.457000      84.438000     -1.457000
  101  24.0   4626.180000      0.970000   -1.467000      82.835000     -1.467000
  102  24.0   4633.250000      3.130000   -1.215000       9.829000     -1.215000
  103  24.0   4700.610000      2.710000   -1.464000      13.980000     -1.464000
  104  24.0   4708.020000      3.170000   -0.104000      53.843000     -0.104000
  105  24.0   4730.720000      3.080000   -0.345000      46.547000     -0.345000
  106  24.0   4767.860000      3.560000   -0.599000      16.383000     -0.599000
  107  24.0   4775.140000      3.550000   -1.025000       6.104000     -1.025000
  108  24.0   4936.340000      3.110000   -0.343000      41.534000     -0.343000
  109  24.0   4964.930000      0.940000   -2.577000      37.372000     -2.577000
  110  24.0   5214.140000      3.370000   -0.784000      16.702000     -0.784000
  111  24.0   5238.970000      2.710000   -1.427000      15.457000     -1.427000
  112  24.0   5247.570000      0.960000   -1.618000      82.294000     -1.618000
  113  24.0   5287.180000      3.440000   -0.954000       9.780000     -0.954000
  114  24.0   5296.700000      0.980000   -1.373000      92.804000     -1.373000
  115  24.0   5300.750000      0.980000   -2.125000      57.879000     -2.125000
  116  24.0   5781.180000      3.320000   -0.886000      15.776000     -0.886000
  117  24.0   5783.070000      3.320000   -0.472000      30.217000     -0.472000
  118  24.0   5787.920000      3.320000   -0.183000      44.853000     -0.183000
  119  24.0   6330.130000      0.940000   -2.920000      26.084000     -2.920000
  120  24.0   6661.080000      4.190000   -0.234000      11.938000     -0.234000
  121  24.0   6882.520000      3.440000   -0.392000      31.543000     -0.392000
  122  24.1   4588.200000      4.070000   -0.752000      67.102000     -0.752000
  123  24.1   4592.050000      4.070000   -1.252000      44.767000     -1.252000
  124  24.1   4884.610000      3.860000   -2.069000      19.906000     -2.069000
  125  23.0   5670.850000      1.080000   -0.482000      18.671000     -0.482000
  127  23.0   5727.050000      1.080000    0.000000      39.037000      0.000000
  128  23.0   5737.070000      1.060000   -0.815000      10.366000     -0.815000
  129  23.0   6039.730000      1.060000   -0.650000      12.270000     -0.650000
  130  23.0   6081.450000      1.050000   -0.692000      13.541000     -0.692000
  131  23.0   6090.210000      1.080000   -0.150000      31.949000     -0.150000
  132  23.0   6111.650000      1.040000   -0.715000      11.093000     -0.715000
  133  23.0   6135.360000      1.050000   -0.746000       9.756000     -0.746000
  134  23.0   6216.350000      0.280000   -0.900000      34.729000     -0.900000
  136  23.0   6251.830000      0.290000   -1.431000      14.239000     -1.431000
  137  23.0   6274.660000      0.270000   -1.751000       7.560000     -1.751000
  138  23.0   6285.170000      0.280000   -1.676000       9.297000     -1.676000
  139  27.0   4594.630000      3.630000   -0.279000      11.397000     -0.279000
  140  27.0   4792.860000      3.250000   -0.080000      31.730000     -0.080000
  141  27.0   4813.480000      3.220000    0.177000      44.764000      0.177000
  142  27.0   5301.050000      1.710000   -1.950000      19.525000     -1.950000
  144  27.0   5352.050000      3.580000    0.004000      23.423000      0.004000
  145  27.0   5359.200000      4.150000    0.040000       8.821000      0.040000
  146  27.0   5647.240000      2.280000   -1.594000      13.444000     -1.594000
  147  27.0   6814.950000      1.960000   -1.822000      18.735000     -1.822000
  148  28.0   4512.990000      3.710000   -1.467000      19.333000     -1.467000
  149  28.0   4811.990000      3.660000   -1.363000      22.534000     -1.363000
  150  28.0   4814.600000      3.600000   -1.670000      17.213000     -1.670000
  151  28.0   4913.980000      3.740000   -0.661000      54.438000     -0.661000
  152  28.0   4946.040000      3.800000   -1.224000      24.804000     -1.224000
  153  28.0   4952.290000      3.610000   -1.261000      30.120000     -1.261000
  154  28.0   4976.330000      1.680000   -3.002000      37.511000     -3.002000
  155  28.0   4995.660000      3.630000   -1.611000      18.322000     -1.611000
  156  28.0   5010.940000      3.630000   -0.901000      47.164000     -0.901000
  157  28.0   5081.110000      3.850000    0.064000      90.912000      0.064000
  158  28.0   5094.410000      3.830000   -1.108000      28.614000     -1.108000
  159  28.0   5392.330000      4.150000   -1.354000      12.057000     -1.354000
  160  28.0   5435.860000      1.990000   -2.432000      49.593000     -2.432000
  161  28.0   5462.500000      3.850000   -0.880000      40.896000     -0.880000
  162  28.0   5578.720000      1.680000   -2.650000      54.801000     -2.650000
  163  28.0   5587.870000      1.930000   -2.479000      50.348000     -2.479000
  164  28.0   5589.360000      3.900000   -1.148000      26.079000     -1.148000
  165  28.0   5625.320000      4.090000   -0.731000      37.596000     -0.731000
  166  28.0   5628.350000      4.090000   -1.316000      14.126000     -1.316000
  167  28.0   5638.750000      3.900000   -1.699000       9.153000     -1.699000
  168  28.0   5641.880000      4.110000   -1.017000      23.644000     -1.017000
  169  28.0   5643.080000      4.160000   -1.234000      14.481000     -1.234000
  170  28.0   5682.200000      4.100000   -0.390000      51.068000     -0.390000
  171  28.0   5694.990000      4.090000   -0.629000      42.220000     -0.629000
  172  28.0   5748.360000      1.680000   -3.279000      27.844000     -3.279000
  174  28.0   5805.220000      4.170000   -0.604000      39.827000     -0.604000
  175  28.0   5847.000000      1.680000   -3.410000      22.303000     -3.410000
  176  28.0   5996.730000      4.240000   -1.010000      19.529000     -1.010000
  177  28.0   6007.310000      1.680000   -3.330000      24.337000     -3.330000
  178  28.0   6086.290000      4.270000   -0.471000      42.184000     -0.471000
  179  28.0   6108.120000      1.680000   -2.512000      64.193000     -2.512000
  180  28.0   6111.080000      4.090000   -0.823000      33.655000     -0.823000
  181  28.0   6119.760000      4.270000   -1.316000      10.043000     -1.316000
  182  28.0   6128.980000      1.680000   -3.368000      24.611000     -3.368000
  183  28.0   6130.140000      4.270000   -0.938000      20.992000     -0.938000
  184  28.0   6175.370000      4.090000   -0.534000      47.443000     -0.534000
  185  28.0   6176.820000      4.090000   -0.266000      61.738000     -0.266000
  186  28.0   6177.250000      1.830000   -3.538000      13.735000     -3.538000
  187  28.0   6186.720000      4.110000   -0.888000      29.994000     -0.888000
  188  28.0   6204.610000      4.090000   -1.112000      21.294000     -1.112000
  189  28.0   6223.990000      4.110000   -0.954000      27.364000     -0.954000
  190  28.0   6230.100000      4.110000   -1.132000      20.184000     -1.132000
  191  28.0   6322.170000      4.150000   -1.164000      17.151000     -1.164000
  192  28.0   6327.600000      1.680000   -3.086000      37.838000     -3.086000
  193  28.0   6360.810000      4.170000   -1.145000      20.128000     -1.145000
  194  28.0   6378.260000      4.150000   -0.830000      30.744000     -0.830000
  195  28.0   6598.600000      4.240000   -0.914000      24.487000     -0.914000
  196  28.0   6635.130000      4.420000   -0.779000      23.689000     -0.779000
  197  28.0   6767.780000      1.830000   -2.136000      77.326000     -2.136000
  198  28.0   6772.320000      3.660000   -0.963000      47.776000     -0.963000
  199  28.0   6842.040000      3.660000   -1.496000      24.573000     -1.496000
  200  26.1   4508.280000      2.860000   -2.403000      83.799000     -2.403000
  201  26.1   4520.220000      2.810000   -2.563000      79.635000     -2.563000
  202  26.0   4523.400000      3.650000   -1.871000      42.458000     -1.871000
  203  26.0   4531.620000      3.210000   -1.801000      66.000000     -1.801000
  204  26.1   4534.170000      2.860000   -3.203000      52.312000     -3.203000
  205  26.0   4537.670000      3.270000   -2.870000      15.807000     -2.870000
  206  26.1   4541.520000      2.860000   -2.762000      65.934000     -2.762000
  207  26.0   4551.650000      3.940000   -1.928000      26.162000     -1.928000
  208  26.0   4554.460000      2.870000   -2.752000      36.613000     -2.752000
  209  26.0   4556.930000      3.250000   -2.644000      24.836000     -2.644000
  210  26.0   4561.410000      2.760000   -2.879000      34.317000     -2.879000
  211  26.0   4566.520000      3.300000   -2.156000      43.899000     -2.156000
  212  26.0   4574.220000      3.210000   -2.353000      39.664000     -2.353000
  213  26.0   4574.720000      2.280000   -2.823000      50.416000     -2.823000
  214  26.1   4576.340000      2.840000   -2.947000      62.574000     -2.947000
  215  26.0   4579.330000      2.830000   -3.024000      25.664000     -3.024000
  216  26.1   4582.840000      2.840000   -3.076000      52.859000     -3.076000
  217  26.0   4593.530000      3.940000   -1.921000      26.747000     -1.921000
  218  26.0   4596.410000      3.650000   -2.090000      32.754000     -2.090000
  219  26.0   4602.000000      1.610000   -3.163000      67.249000     -3.163000
  220  26.0   4602.950000      1.490000   -2.291000     114.563000     -2.291000
  221  26.0   4607.650000      3.980000   -0.754000      83.851000     -0.754000
  222  26.1   4620.510000      2.830000   -3.234000      51.396000     -3.234000
  223  26.0   4625.050000      3.240000   -1.222000      90.298000     -1.222000
  224  26.1   4629.340000      2.810000   -2.262000      95.542000     -2.262000
  225  26.0   4630.120000      2.280000   -2.488000      72.123000     -2.488000
  226  26.0   4631.490000      4.550000   -1.890000      10.101000     -1.890000
  227  26.0   4635.850000      2.850000   -2.384000      53.679000     -2.384000
  228  26.1   4656.980000      2.890000   -3.676000      33.394000     -3.676000
  229  26.0   4661.540000      4.560000   -1.186000      36.608000     -1.186000
  230  26.1   4670.170000      2.580000   -4.011000      27.161000     -4.011000
  231  26.0   4690.140000      3.690000   -1.550000      52.632000     -1.550000
  232  26.0   4741.530000      2.830000   -2.027000      71.324000     -2.027000
  233  26.0   4749.950000      4.560000   -1.236000      33.927000     -1.236000
  234  26.0   4757.580000      3.270000   -1.988000      54.619000     -1.988000
  235  26.0   4772.820000      1.560000   -2.752000      94.170000     -2.752000
  236  26.0   4779.440000      3.420000   -2.162000      39.970000     -2.162000
  237  26.0   4780.810000      3.250000   -3.236000       7.880000     -3.236000
  238  26.0   4787.830000      3.000000   -2.532000      39.240000     -2.532000
  239  26.0   4788.760000      3.240000   -1.791000      64.886000     -1.791000
  240  26.0   4789.650000      3.550000   -1.171000      83.719000     -1.171000
  241  26.0   4793.970000      3.050000   -3.464000       6.363000     -3.464000
  242  26.0   4794.360000      2.420000   -3.892000      11.442000     -3.892000
  243  26.0   4799.410000      3.640000   -2.073000      34.454000     -2.073000
  244  26.0   4802.520000      4.610000   -1.714000      14.126000     -1.714000
  245  26.0   4802.880000      3.690000   -1.527000      59.181000     -1.527000
  246  26.0   4808.150000      3.250000   -2.630000      26.575000     -2.630000
  247  26.0   4809.940000      3.570000   -2.542000      18.150000     -2.542000
  248  26.0   4811.050000      3.070000   -3.182000      13.642000     -3.182000
  249  26.0   4885.430000      3.880000   -1.136000      66.920000     -1.136000
  250  26.0   4905.140000      3.930000   -1.818000      32.770000     -1.818000
  251  26.1   4923.930000      2.890000   -1.541000     133.372000     -1.541000
  252  26.0   4924.770000      2.280000   -2.058000      85.791000     -2.058000
  253  26.0   4946.390000      3.370000   -1.049000      99.578000     -1.049000
  254  26.0   4952.650000      4.210000   -1.184000      52.323000     -1.184000
  255  26.0   4961.920000      3.630000   -2.301000      25.914000     -2.301000
  256  26.0   4962.580000      4.180000   -1.209000      52.858000     -1.209000
  257  26.0   4967.900000      4.190000   -0.720000      79.144000     -0.720000
  258  26.0   4993.700000      4.210000   -1.138000      58.221000     -1.138000
  259  26.0   4994.140000      0.920000   -3.171000     104.366000     -3.171000
  260  26.0   5044.220000      2.850000   -2.038000      71.244000     -2.038000
  262  26.0   5054.650000      3.640000   -1.992000      38.688000     -1.992000
  263  26.0   5067.150000      4.220000   -0.860000      67.292000     -0.860000
  264  26.0   5068.770000      2.940000   -1.074000     112.819000     -1.074000
  265  26.0   5072.680000      4.220000   -0.983000      61.344000     -0.983000
  267  26.0   5083.340000      0.960000   -3.047000     108.564000     -3.047000
  268  26.0   5088.150000      4.150000   -1.554000      34.293000     -1.554000
  269  26.0   5090.780000      4.260000   -0.514000      89.818000     -0.514000
  270  26.0   5107.450000      0.990000   -3.151000     103.101000     -3.151000
  271  26.0   5107.650000      1.560000   -2.600000     104.699000     -2.600000
  272  26.0   5109.650000      4.300000   -0.736000      72.294000     -0.736000
  273  26.0   5127.360000      0.920000   -3.317000      97.105000     -3.317000
  274  26.0   5129.630000      3.940000   -1.469000      41.419000     -1.469000
  275  26.1   5132.670000      2.810000   -4.008000      25.629000     -4.008000
  276  26.0   5141.740000      2.420000   -2.125000      80.522000     -2.125000
  277  26.0   5143.730000      2.200000   -3.811000      18.776000     -3.811000
  278  26.0   5151.910000      1.010000   -3.155000     101.596000     -3.155000
  279  26.0   5159.060000      4.280000   -0.846000      62.754000     -0.846000
  280  26.0   5180.060000      4.470000   -1.105000      44.774000     -1.105000
  281  26.0   5187.910000      4.140000   -1.202000      55.300000     -1.202000
  282  26.0   5194.950000      1.560000   -2.333000     123.441000     -2.333000
  283  26.0   5195.480000      4.220000   -0.441000     100.043000     -0.441000
  284  26.0   5196.060000      4.260000   -0.827000      71.596000     -0.827000
  285  26.1   5197.570000      3.230000   -2.293000      78.667000     -2.293000
  286  26.0   5197.940000      4.300000   -1.491000      34.735000     -1.491000
  287  26.0   5198.720000      2.220000   -2.164000      95.158000     -2.164000
  288  26.0   5217.400000      3.210000   -1.082000     108.080000     -1.082000
  289  26.0   5223.190000      3.630000   -2.252000      28.354000     -2.252000
  290  26.0   5225.530000      0.110000   -4.773000      71.941000     -4.773000
  291  26.0   5228.380000      4.220000   -1.095000      53.583000     -1.095000
  292  26.0   5229.860000      3.280000   -0.935000     116.828000     -0.935000
  293  26.1   5234.630000      3.220000   -2.235000      81.518000     -2.235000
  294  26.0   5242.500000      3.630000   -1.124000      85.013000     -1.124000
  295  26.0   5243.780000      4.260000   -1.022000      60.313000     -1.022000
  296  26.0   5247.060000      0.090000   -4.941000      66.521000     -4.941000
  297  26.0   5250.210000      0.120000   -4.870000      66.994000     -4.870000
  298  26.0   5253.020000      2.280000   -3.855000      17.911000     -3.855000
  299  26.0   5253.470000      3.280000   -1.591000      75.943000     -1.591000
  300  26.1   5256.940000      2.890000   -4.019000      20.041000     -4.019000
  301  26.0   5263.310000      3.270000   -0.864000     117.712000     -0.864000
  302  26.1   5264.810000      3.230000   -3.091000      44.774000     -3.091000
  303  26.1   5284.110000      2.890000   -3.132000      57.288000     -3.132000
  304  26.0   5288.530000      3.690000   -1.612000      56.233000     -1.612000
  305  26.0   5293.960000      4.140000   -1.747000      29.032000     -1.747000
  306  26.0   5294.550000      3.640000   -2.627000      14.045000     -2.627000
  307  26.0   5295.320000      4.420000   -1.518000      27.732000     -1.518000
  308  26.0   5361.620000      4.420000   -1.205000      24.830000     -1.205000
  309  26.0   5373.710000      4.470000   -0.841000      60.960000     -0.841000
  310  26.0   5376.830000      4.290000   -2.040000      14.095000     -2.040000
  311  26.0   5379.580000      3.690000   -1.552000      59.416000     -1.552000
  312  26.0   5386.340000      4.150000   -1.709000      31.201000     -1.709000
  313  26.0   5389.480000      4.420000   -0.534000      81.488000     -0.534000
  314  26.0   5395.220000      4.450000   -1.724000      18.946000     -1.724000
  315  26.0   5398.280000      4.450000   -0.684000      66.945000     -0.684000
  316  26.0   5401.270000      4.320000   -1.712000      24.351000     -1.712000
  317  26.0   5406.780000      4.370000   -1.429000      28.071000     -1.429000
  318  26.0   5409.140000      4.370000   -1.051000      54.153000     -1.051000
  319  26.1   5414.070000      3.220000   -3.568000      26.371000     -3.568000
  320  26.0   5417.040000      4.420000   -1.404000      33.484000     -1.404000
  321  26.1   5425.250000      3.200000   -3.234000      40.757000     -3.234000
  322  26.1   5427.810000      6.720000   -1.481000       6.080000     -1.481000
  323  26.0   5432.950000      4.450000   -0.729000      68.977000     -0.729000
  324  26.0   5436.300000      4.390000   -1.319000      38.502000     -1.319000
  325  26.0   5436.590000      2.280000   -3.267000      41.686000     -3.267000
  326  26.0   5441.340000      4.310000   -1.558000      30.753000     -1.558000
  327  26.0   5461.550000      4.450000   -1.570000      24.917000     -1.570000
  328  26.0   5464.280000      4.140000   -1.595000      36.439000     -1.595000
  329  26.0   5466.990000      3.650000   -2.141000      33.134000     -2.141000
  330  26.0   5473.170000      4.190000   -1.986000      14.988000     -1.986000
  331  26.0   5481.250000      4.100000   -1.203000      60.082000     -1.203000
  332  26.0   5491.830000      4.190000   -2.195000      12.004000     -2.195000
  333  26.0   5522.450000      4.210000   -1.419000      41.906000     -1.419000
  334  26.1   5525.120000      3.270000   -4.000000      11.916000     -4.000000
  335  26.0   5534.660000      4.150000   -2.391000       9.607000     -2.391000
  336  26.1   5534.850000      3.250000   -2.792000      56.846000     -2.792000
  337  26.0   5538.520000      3.630000   -2.090000      36.430000     -2.090000
  338  26.0   5543.940000      4.220000   -1.070000      60.362000     -1.070000
  339  26.0   5546.510000      4.370000   -1.124000      49.940000     -1.124000
  340  26.0   5547.000000      4.220000   -1.741000      26.322000     -1.741000
  341  26.0   5553.580000      4.430000   -1.321000      39.309000     -1.321000
  342  26.0   5560.220000      4.430000   -1.064000      50.237000     -1.064000
  343  26.0   5567.400000      2.610000   -2.594000      56.352000     -2.594000
  344  26.0   5577.030000      5.030000   -1.485000      10.309000     -1.485000
  345  26.0   5584.770000      3.570000   -2.189000      36.243000     -2.189000
  346  26.0   5587.580000      4.140000   -1.656000      32.846000     -1.656000
  347  26.0   5594.660000      4.550000   -0.858000      57.582000     -0.858000
  348  26.0   5618.640000      4.210000   -1.298000      48.504000     -1.298000
  349  26.0   5619.600000      4.390000   -1.435000      33.329000     -1.435000
  350  26.0   5633.950000      4.990000   -0.385000      65.113000     -0.385000
  351  26.0   5635.830000      4.260000   -1.556000      33.333000     -1.556000
  352  26.0   5636.700000      3.640000   -2.511000      18.671000     -2.511000
  353  26.0   5638.270000      4.220000   -0.809000      75.432000     -0.809000
  354  26.0   5641.440000      4.260000   -0.969000      65.081000     -0.969000
  355  26.0   5649.990000      5.100000   -0.785000      35.148000     -0.785000
  356  26.0   5651.470000      4.470000   -1.763000      17.717000     -1.763000
  357  26.0   5652.320000      4.260000   -1.751000      25.367000     -1.751000
  358  26.0   5653.870000      4.390000   -1.402000      37.954000     -1.402000
  359  26.0   5661.350000      4.280000   -1.828000      21.311000     -1.828000
  360  26.0   5662.520000      4.180000   -0.601000      90.720000     -0.601000
  361  26.0   5667.520000      4.180000   -1.292000      50.246000     -1.292000
  362  26.0   5679.030000      4.650000   -0.756000      58.003000     -0.756000
  363  26.0   5680.240000      4.190000   -2.330000       9.667000     -2.330000
  364  26.0   5701.550000      2.560000   -2.162000      83.439000     -2.162000
  365  26.0   5715.090000      4.280000   -0.847000      71.431000     -0.847000
  366  26.0   5720.900000      4.550000   -1.805000      14.444000     -1.805000
  367  26.0   5731.770000      4.260000   -1.124000      56.490000     -1.124000
  368  26.0   5738.240000      4.220000   -2.164000      12.762000     -2.164000
  369  26.0   5741.850000      4.260000   -1.626000      31.171000     -1.626000
  370  26.0   5752.040000      4.550000   -0.917000      52.853000     -0.917000
  371  26.0   5775.080000      4.220000   -1.124000      57.764000     -1.124000
  372  26.0   5778.460000      4.150000   -1.967000      21.387000     -1.967000
  373  26.0   5793.920000      4.220000   -1.622000      32.955000     -1.622000
  374  26.0   5806.730000      4.610000   -0.877000      52.156000     -0.877000
  375  26.0   5809.220000      3.880000   -1.614000      48.337000     -1.614000
  376  26.0   5811.920000      4.140000   -2.333000      10.311000     -2.333000
  377  26.0   5814.810000      4.280000   -1.820000      21.861000     -1.820000
  378  26.0   5815.220000      4.150000   -2.364000      10.031000     -2.364000
  379  26.0   5827.880000      3.280000   -3.147000      10.886000     -3.147000
  380  26.0   5852.220000      4.550000   -1.190000      39.462000     -1.190000
  381  26.0   5853.150000      1.490000   -5.130000       7.559000     -5.130000
  382  26.0   5855.080000      4.610000   -1.531000      21.446000     -1.531000
  383  26.0   5856.090000      4.290000   -1.572000      32.714000     -1.572000
  384  26.0   5862.360000      4.550000   -0.404000      83.118000     -0.404000
  385  26.0   5902.480000      4.590000   -1.797000      12.955000     -1.797000
  386  26.0   5905.680000      4.650000   -0.775000      56.551000     -0.775000
  387  26.0   5916.260000      2.450000   -2.920000      53.599000     -2.920000
  388  26.0   5927.790000      4.650000   -1.057000      40.986000     -1.057000
  389  26.0   5929.680000      4.550000   -1.211000      39.218000     -1.211000
  390  26.0   5930.190000      4.650000   -0.326000      85.343000     -0.326000
  391  26.0   5934.660000      3.930000   -1.091000      74.409000     -1.091000
  392  26.0   5956.700000      0.860000   -4.526000      50.089000     -4.526000
  393  26.0   5983.690000      4.550000   -0.719000      66.640000     -0.719000
  394  26.0   5984.820000      4.730000   -0.335000      79.872000     -0.335000
  395  26.0   5987.070000      4.790000   -0.478000      65.706000     -0.478000
  396  26.1   5991.380000      3.150000   -3.539000      30.262000     -3.539000
  397  26.0   6005.550000      2.590000   -3.479000      21.543000     -3.479000
  398  26.0   6024.060000      4.550000   -0.124000     104.363000     -0.124000
  399  26.0   6027.060000      4.080000   -1.178000      62.738000     -1.178000
  400  26.0   6034.040000      4.310000   -2.306000       7.854000     -2.306000
  401  26.0   6035.340000      4.290000   -2.476000       5.687000     -2.476000
  402  26.0   6054.080000      4.370000   -2.237000       8.795000     -2.237000
  403  26.0   6056.010000      4.730000   -0.489000      70.288000     -0.489000
  404  26.0   6065.490000      2.610000   -1.616000     115.834000     -1.616000
  405  26.0   6078.490000      4.790000   -0.364000      74.163000     -0.364000
  406  26.0   6079.010000      4.650000   -1.008000      44.352000     -1.008000
  407  26.0   6082.720000      2.220000   -3.566000      33.585000     -3.566000
  408  26.1   6084.110000      3.200000   -3.774000      20.323000     -3.774000
  409  26.0   6089.570000      4.580000   -1.273000      33.791000     -1.273000
  410  26.0   6094.380000      4.650000   -1.566000      18.388000     -1.566000
  411  26.0   6096.670000      3.980000   -1.776000      36.741000     -1.776000
  412  26.0   6098.250000      4.560000   -1.755000      15.353000     -1.755000
  413  26.1   6113.320000      3.220000   -4.108000      10.988000     -4.108000
  415  26.0   6127.910000      4.140000   -1.417000      47.481000     -1.417000
  416  26.1   6149.250000      3.890000   -2.719000      35.531000     -2.719000
  417  26.0   6151.620000      2.180000   -3.298000      48.614000     -3.298000
  418  26.0   6157.730000      4.080000   -1.238000      59.900000     -1.238000
  419  26.0   6159.380000      4.610000   -1.878000      11.238000     -1.878000
  420  26.0   6165.360000      4.140000   -1.502000      43.613000     -1.502000
  421  26.0   6173.340000      2.220000   -2.877000      66.557000     -2.877000
  422  26.0   6180.210000      2.730000   -2.632000      53.282000     -2.632000
  423  26.0   6187.990000      3.940000   -1.620000      46.276000     -1.620000
  424  26.0   6200.320000      2.610000   -2.397000      72.063000     -2.397000
  425  26.0   6213.440000      2.220000   -2.580000      81.302000     -2.580000
  426  26.0   6219.290000      2.200000   -2.463000      87.630000     -2.463000
  427  26.0   6220.790000      3.880000   -2.330000      18.539000     -2.330000
  428  26.0   6226.740000      3.880000   -2.069000      27.704000     -2.069000
  429  26.0   6229.240000      2.850000   -2.866000      36.107000     -2.866000
  430  26.0   6232.650000      3.650000   -1.240000      81.342000     -1.240000
  431  26.1   6238.390000      3.890000   -2.526000      42.358000     -2.526000
  432  26.1   6239.940000      3.890000   -3.448000      11.728000     -3.448000
  433  26.0   6240.650000      2.220000   -3.292000      47.211000     -3.292000
  434  26.1   6247.560000      3.890000   -2.347000      51.671000     -2.347000
  435  26.0   6265.140000      2.180000   -2.559000      84.254000     -2.559000
  436  26.0   6270.230000      2.860000   -2.573000      50.581000     -2.573000
  437  26.0   6290.980000      4.730000   -0.576000      63.721000     -0.576000
  438  26.0   6297.800000      2.220000   -2.777000      72.714000     -2.777000
  439  26.0   6303.460000      4.320000   -2.492000       7.241000     -2.492000
  440  26.0   6315.810000      4.080000   -1.645000      39.422000     -1.645000
  441  26.0   6322.690000      2.590000   -2.368000      74.125000     -2.368000
  442  26.0   6335.340000      2.200000   -2.339000      96.034000     -2.339000
  443  26.0   6336.830000      3.690000   -0.858000     102.291000     -0.858000
  444  26.0   6358.680000      0.860000   -3.907000      84.454000     -3.907000
  445  26.1   6369.460000      2.890000   -4.131000      18.494000     -4.131000
  446  26.0   6380.750000      4.190000   -1.322000      50.564000     -1.322000
  447  26.0   6385.720000      4.730000   -1.828000      10.228000     -1.828000
  448  26.0   6392.540000      2.280000   -3.942000      16.852000     -3.942000
  449  26.1   6407.290000      3.890000   -2.899000      24.827000     -2.899000
  450  26.1   6416.930000      3.890000   -2.625000      38.619000     -2.625000
  451  26.0   6430.850000      2.180000   -2.127000     110.100000     -2.127000
  452  26.1   6432.690000      2.890000   -3.572000      39.800000     -3.572000
  454  26.1   6456.390000      3.900000   -2.110000      61.907000     -2.110000
  455  26.0   6481.880000      2.280000   -2.929000      62.308000     -2.929000
  456  26.0   6498.940000      0.960000   -4.627000      44.803000     -4.627000
  457  26.1   6516.090000      2.890000   -3.279000      52.098000     -3.279000
  458  26.0   6581.210000      1.490000   -4.706000      18.049000     -4.706000
  459  26.0   6593.880000      2.430000   -2.384000      83.514000     -2.384000
  460  26.0   6608.030000      2.280000   -3.967000      16.734000     -3.967000
  461  26.0   6609.120000      2.560000   -2.632000      63.909000     -2.632000
  462  26.0   6625.020000      1.010000   -5.284000      14.650000     -5.284000
  463  26.0   6627.550000      4.550000   -1.475000      26.990000     -1.475000
  464  26.0   6646.940000      2.610000   -3.915000       9.196000     -3.915000
  465  26.0   6653.860000      4.150000   -2.407000       9.518000     -2.407000
  466  26.0   6699.150000      4.590000   -2.106000       7.088000     -2.106000
  467  26.0   6703.570000      2.760000   -3.022000      35.629000     -3.022000
  468  26.0   6705.110000      4.610000   -1.057000      44.855000     -1.057000
  469  26.0   6710.320000      1.490000   -4.810000      14.454000     -4.810000
  470  26.0   6713.050000      4.610000   -1.514000      23.835000     -1.514000
  471  26.0   6713.200000      4.140000   -2.438000       9.609000     -2.438000
  472  26.0   6713.740000      4.790000   -1.425000      20.246000     -1.425000
  473  26.0   6725.360000      4.100000   -2.187000      16.745000     -2.187000
  474  26.0   6726.670000      4.610000   -1.045000      45.956000     -1.045000
  475  26.0   6732.070000      4.580000   -2.144000       6.899000     -2.144000
  476  26.0   6733.150000      4.640000   -1.429000      25.715000     -1.429000
  477  26.0   6739.520000      1.560000   -4.902000      10.706000     -4.902000
  478  26.0   6745.110000      4.580000   -2.094000       7.432000     -2.094000
  479  26.0   6745.970000      4.080000   -2.657000       6.215000     -2.657000
  480  26.0   6750.160000      2.420000   -2.615000      72.526000     -2.615000
  481  26.0   6752.710000      4.640000   -1.234000      34.713000     -1.234000
  482  26.0   6786.860000      4.190000   -1.886000      24.094000     -1.886000
  483  26.0   6793.260000      4.580000   -1.901000      11.720000     -1.901000
  484  26.0   6806.850000      2.730000   -3.103000      33.494000     -3.103000
  485  26.0   6810.270000      4.610000   -0.995000      48.529000     -0.995000
  486  26.0   6820.370000      4.640000   -1.134000      39.576000     -1.134000
  487  26.0   6828.600000      3.570000   -1.871000      54.307000     -1.871000
  488  26.0   6833.230000      4.640000   -1.975000       8.979000     -1.975000
  489  26.0   6837.010000      4.590000   -1.732000      16.279000     -1.732000
  490  26.0   6839.840000      2.560000   -3.377000      28.394000     -3.377000
  491  26.0   6842.690000      4.640000   -1.169000      37.413000     -1.169000
  492  26.0   6843.660000      4.550000   -0.867000      58.426000     -0.867000
  493  26.0   6855.720000      4.610000   -1.674000      18.131000     -1.674000
  494  26.0   6857.250000      4.080000   -2.075000      21.393000     -2.075000
  495  26.0   6858.150000      4.610000   -0.972000      49.875000     -0.972000
  496  26.0   6861.940000      2.420000   -3.795000      18.307000     -3.795000
  497  26.0   6862.500000      4.560000   -1.437000      29.466000     -1.437000
  498  26.0   6864.320000      4.560000   -2.229000      29.165000     -2.229000
