  200  26.1   4508.280000     2.860000     -2.403000   84.936670  
  201  26.1   4520.220000     2.810000     -2.563000   80.243290  
  202  26.0   4523.400000     3.650000     -1.871000   42.749330  
  203  26.0   4531.620000     3.210000     -1.801000   66.711890  
  204  26.1   4534.170000     2.860000     -3.203000   47.259440  
  205  26.0   4537.670000     3.270000     -2.870000   18.652010  
  206  26.1   4541.520000     2.860000     -2.762000   63.992000  
  207  26.0   4551.650000     3.940000     -1.928000   26.991820  
  208  26.0   4554.460000     2.870000     -2.752000   37.256650  
  209  26.0   4556.930000     3.250000     -2.644000   26.332280  
  210  26.0   4561.410000     2.760000     -2.879000   36.186970  
  211  26.0   4566.520000     3.300000     -2.156000   45.673730  
  212  26.0   4574.220000     3.210000     -2.353000   41.037510  
  213  26.0   4574.720000     2.280000     -2.823000   55.535060  
  216  26.1   4582.840000     2.840000     -3.076000   57.427190  
  218  26.0   4596.410000     3.650000     -2.090000   32.287540  
  220  26.0   4602.950000     1.490000     -2.291000  133.939520  
  221  26.0   4607.650000     3.980000     -0.754000   90.479130  
  222  26.1   4620.510000     2.830000     -3.234000   50.372690  
  224  26.1   4629.340000     2.810000     -2.262000   93.917220  
  225  26.0   4630.120000     2.280000     -2.488000   71.294020  
  226  26.0   4631.490000     4.550000     -1.890000   10.872030  
  227  26.0   4635.850000     2.850000     -2.384000   58.383750  
  230  26.1   4670.170000     2.580000     -4.011000   32.499880  
  231  26.0   4690.140000     3.690000     -1.550000   54.811270  
  232  26.0   4741.530000     2.830000     -2.027000   72.270610  
  233  26.0   4749.950000     4.560000     -1.236000   36.796420  
  234  26.0   4757.580000     3.270000     -1.988000   55.983310  
  235  26.0   4772.820000     1.560000     -2.752000   94.289010  
  236  26.0   4779.440000     3.420000     -2.162000   40.966940  
  237  26.0   4780.810000     3.250000     -3.236000    7.927060  
  238  26.0   4787.830000     3.000000     -2.532000   42.668110  
  239  26.0   4788.760000     3.240000     -1.791000   68.847240  
  240  26.0   4789.650000     3.550000     -1.171000   85.840530  
  241  26.0   4793.970000     3.050000     -3.464000    8.802050  
  242  26.0   4794.360000     2.420000     -3.892000   12.093560  
  243  26.0   4799.410000     3.640000     -2.073000   35.287880  
  244  26.0   4802.520000     4.610000     -1.714000   15.311200  
  247  26.0   4809.940000     3.570000     -2.542000   18.659350  
  248  26.0   4811.050000     3.070000     -3.182000   15.241860  
  249  26.0   4885.430000     3.880000     -1.136000   72.349290  
  250  26.0   4905.140000     3.930000     -1.818000   36.726710  
  251  26.1   4923.930000     2.890000     -1.541000  173.774450  
  252  26.0   4924.770000     2.280000     -2.058000   96.731390  
  253  26.0   4946.390000     3.370000     -1.049000  103.946780  
  254  26.0   4952.650000     4.210000     -1.184000   55.502320  
  258  26.0   4993.700000     4.210000     -1.138000   57.760510  
  259  26.0   4994.140000     0.920000     -3.171000  104.569040  
  260  26.0   5044.220000     2.850000     -2.038000   74.381550  
  262  26.0   5054.650000     3.640000     -1.992000   39.959500  
  265  26.0   5072.680000     4.220000     -0.983000   63.168710  
  267  26.0   5083.340000     0.960000     -3.047000  106.407570  
  268  26.0   5088.150000     4.150000     -1.554000   34.846800  
  269  26.0   5090.780000     4.260000     -0.514000   99.342670  
  270  26.0   5107.450000     0.990000     -3.151000  103.976090  
  271  26.0   5107.650000     1.560000     -2.600000  103.784820  
  272  26.0   5109.650000     4.300000     -0.736000   73.601830  
  273  26.0   5127.360000     0.920000     -3.317000  100.383600  
  274  26.0   5129.630000     3.940000     -1.469000   44.582190  
  275  26.1   5132.670000     2.810000     -4.008000   23.114280  
  276  26.0   5141.740000     2.420000     -2.125000   88.388150  
  277  26.0   5143.730000     2.200000     -3.811000   22.187540  
  278  26.0   5151.910000     1.010000     -3.155000  103.572560  
  279  26.0   5159.060000     4.280000     -0.846000   68.576540  
  280  26.0   5180.060000     4.470000     -1.105000   47.701000  
  281  26.0   5187.910000     4.140000     -1.202000   56.721950  
  282  26.0   5194.950000     1.560000     -2.333000  124.760340  
  283  26.0   5195.480000     4.220000     -0.441000  101.340580  
  284  26.0   5196.060000     4.260000     -0.827000   72.214200  
  285  26.1   5197.570000     3.230000     -2.293000   81.846640  
  286  26.0   5197.940000     4.300000     -1.491000   37.493580  
  287  26.0   5198.720000     2.220000     -2.164000   97.551040  
  288  26.0   5217.400000     3.210000     -1.082000  111.934860  
  289  26.0   5223.190000     3.630000     -2.252000   29.106950  
  290  26.0   5225.530000     0.110000     -4.773000   71.311030  
  294  26.0   5242.500000     3.630000     -1.124000   86.270380  
  295  26.0   5243.780000     4.260000     -1.022000   61.322070  
  296  26.0   5247.060000     0.090000     -4.941000   66.836830  
  297  26.0   5250.210000     0.120000     -4.870000   64.784550  
  298  26.0   5253.020000     2.280000     -3.855000   18.929120  
  299  26.0   5253.470000     3.280000     -1.591000   85.997540  
  300  26.1   5256.940000     2.890000     -4.019000   16.997940  
  301  26.0   5263.310000     3.270000     -0.864000  124.610580  
  302  26.1   5264.810000     3.230000     -3.091000   44.595440  
  303  26.1   5284.110000     2.890000     -3.132000   57.923290  
  304  26.0   5288.530000     3.690000     -1.612000   57.693400  
  305  26.0   5293.960000     4.140000     -1.747000   25.688630  
  306  26.0   5294.550000     3.640000     -2.627000   16.124110  
  307  26.0   5295.320000     4.420000     -1.518000   29.964250  
  308  26.0   5361.620000     4.420000     -1.205000   42.291360  
  309  26.0   5373.710000     4.470000     -0.841000   64.010540  
  310  26.0   5376.830000     4.290000     -2.040000   13.846310  
  311  26.0   5379.580000     3.690000     -1.552000   61.811580  
  312  26.0   5386.340000     4.150000     -1.709000   31.742900  
  313  26.0   5389.480000     4.420000     -0.534000   81.964080  
  314  26.0   5395.220000     4.450000     -1.724000   21.202840  
  315  26.0   5398.280000     4.450000     -0.684000   71.343030  
  316  26.0   5401.270000     4.320000     -1.712000   25.957990  
  317  26.0   5406.780000     4.370000     -1.429000   34.752470  
  318  26.0   5409.140000     4.370000     -1.051000   56.385490  
  319  26.1   5414.070000     3.220000     -3.568000   26.013660  
  320  26.0   5417.040000     4.420000     -1.404000   35.116370  
  321  26.1   5425.250000     3.200000     -3.234000   41.594850  
  322  26.1   5427.810000     6.720000     -1.481000    4.449190  
  323  26.0   5432.950000     4.450000     -0.729000   71.176070  
  324  26.0   5436.300000     4.390000     -1.319000   42.591960  
  325  26.0   5436.590000     2.280000     -3.267000   43.749010  
  326  26.0   5441.340000     4.310000     -1.558000   32.066640  
  327  26.0   5461.550000     4.450000     -1.570000   26.357000  
  328  26.0   5464.280000     4.140000     -1.595000   36.455440  
  329  26.0   5466.990000     3.650000     -2.141000   33.867200  
  330  26.0   5473.170000     4.190000     -1.986000   17.604950  
  331  26.0   5481.250000     4.100000     -1.203000   58.974690  
  332  26.0   5491.830000     4.190000     -2.195000   13.966370  
  333  26.0   5522.450000     4.210000     -1.419000   43.304000  
  334  26.1   5525.120000     3.270000     -4.000000   11.501080  
  335  26.0   5534.660000     4.150000     -2.391000   10.785170  
  336  26.1   5534.850000     3.250000     -2.792000   56.938310  
  337  26.0   5538.520000     3.630000     -2.090000   36.863280  
  347  26.0   5594.660000     4.550000     -0.858000   57.589320  
  348  26.0   5618.640000     4.210000     -1.298000   49.936900  
  349  26.0   5619.600000     4.390000     -1.435000   35.480220  
  350  26.0   5633.950000     4.990000     -0.385000   66.359290  
  351  26.0   5635.830000     4.260000     -1.556000   33.317060  
  352  26.0   5636.700000     3.640000     -2.511000   20.086690  
  353  26.0   5638.270000     4.220000     -0.809000   76.431660  
  354  26.0   5641.440000     4.260000     -0.969000   64.170800  
  358  26.0   5653.870000     4.390000     -1.402000   36.223080  
  359  26.0   5661.350000     4.280000     -1.828000   22.237150  
  360  26.0   5662.520000     4.180000     -0.601000   93.086050  
  361  26.0   5667.520000     4.180000     -1.292000   51.507830  
  362  26.0   5679.030000     4.650000     -0.756000   59.394580  
  363  26.0   5680.240000     4.190000     -2.330000   10.572330  
  364  26.0   5701.550000     2.560000     -2.162000   84.125350  
  367  26.0   5731.770000     4.260000     -1.124000   57.396600  
  370  26.0   5752.040000     4.550000     -0.917000   55.335490  
  371  26.0   5775.080000     4.220000     -1.124000   58.657380  
  372  26.0   5778.460000     4.150000     -1.967000   22.418460  
  373  26.0   5793.920000     4.220000     -1.622000   33.509190  
  374  26.0   5806.730000     4.610000     -0.877000   54.604070  
  375  26.0   5809.220000     3.880000     -1.614000   50.848620  
  376  26.0   5811.920000     4.140000     -2.333000   10.730060  
  377  26.0   5814.810000     4.280000     -1.820000   23.448110  
  378  26.0   5815.220000     4.150000     -2.364000   10.186240  
  379  26.0   5827.880000     3.280000     -3.147000   10.748870  
  380  26.0   5852.220000     4.550000     -1.190000   39.534580  
  381  26.0   5853.150000     1.490000     -5.130000    7.607280  
  382  26.0   5855.080000     4.610000     -1.531000   24.102120  
  383  26.0   5856.090000     4.290000     -1.572000   33.523940  
  384  26.0   5862.360000     4.550000     -0.404000   85.930860  
  385  26.0   5902.480000     4.590000     -1.797000   16.623200  
  386  26.0   5905.680000     4.650000     -0.775000   59.456240  
  391  26.0   5934.660000     3.930000     -1.091000   75.583820  
  392  26.0   5956.700000     0.860000     -4.526000   52.558640  
  393  26.0   5983.690000     4.550000     -0.719000   66.939780  
  394  26.0   5984.820000     4.730000     -0.335000   92.892300  
  395  26.0   5987.070000     4.790000     -0.478000   67.670710  
  396  26.1   5991.380000     3.150000     -3.539000   29.530310  
  397  26.0   6005.550000     2.590000     -3.479000   22.064780  
  398  26.0   6024.060000     4.550000     -0.124000  109.561260  
  402  26.0   6054.080000     4.370000     -2.237000    9.423730  
  403  26.0   6056.010000     4.730000     -0.489000   71.578590  
  404  26.0   6065.490000     2.610000     -1.616000  116.583680  
  405  26.0   6078.490000     4.790000     -0.364000   77.311990  
  406  26.0   6079.010000     4.650000     -1.008000   44.716370  
  407  26.0   6082.720000     2.220000     -3.566000   34.142520  
  408  26.1   6084.110000     3.200000     -3.774000   20.112170  
  409  26.0   6089.570000     4.580000     -1.273000   36.018210  
  410  26.0   6094.380000     4.650000     -1.566000   21.120910  
  411  26.0   6096.670000     3.980000     -1.776000   37.865790  
  412  26.0   6098.250000     4.560000     -1.755000   16.690420  
  415  26.0   6127.910000     4.140000     -1.417000   43.786930  
  416  26.1   6149.250000     3.890000     -2.719000   35.352250  
  417  26.0   6151.620000     2.180000     -3.298000   50.234030  
  418  26.0   6157.730000     4.080000     -1.238000   61.881530  
  419  26.0   6159.380000     4.610000     -1.878000   13.165910  
  420  26.0   6165.360000     4.140000     -1.502000   45.226440  
  424  26.0   6200.320000     2.610000     -2.397000   73.887520  
  425  26.0   6213.440000     2.220000     -2.580000   82.976690  
  426  26.0   6219.290000     2.200000     -2.463000   89.271400  
  427  26.0   6220.790000     3.880000     -2.330000   18.057320  
  428  26.0   6226.740000     3.880000     -2.069000   28.172800  
  429  26.0   6229.240000     2.850000     -2.866000   37.666690  
  430  26.0   6232.650000     3.650000     -1.240000   79.826670  
  431  26.1   6238.390000     3.890000     -2.526000   43.509050  
  432  26.1   6239.940000     3.890000     -3.448000   14.109230  
  433  26.0   6240.650000     2.220000     -3.292000   48.654090  
  434  26.1   6247.560000     3.890000     -2.347000   52.319850  
  435  26.0   6265.140000     2.180000     -2.559000   85.223690  
  436  26.0   6270.230000     2.860000     -2.573000   52.300670  
  439  26.0   6303.460000     4.320000     -2.492000    5.098750  
  440  26.0   6315.810000     4.080000     -1.645000   41.245610  
  441  26.0   6322.690000     2.590000     -2.368000   76.848710  
  442  26.0   6335.340000     2.200000     -2.339000   96.977340  
  443  26.0   6336.830000     3.690000     -0.858000  103.779990  
  444  26.0   6358.680000     0.860000     -3.907000   84.437330  
  446  26.0   6380.750000     4.190000     -1.322000   52.609080  
  448  26.0   6392.540000     2.280000     -3.942000   16.714100  
  449  26.1   6407.290000     3.890000     -2.899000   29.304860  
  451  26.0   6430.850000     2.180000     -2.127000  111.154870  
  452  26.1   6432.690000     2.890000     -3.572000   41.798950  
  455  26.0   6481.880000     2.280000     -2.929000   62.723560  
  456  26.0   6498.940000     0.960000     -4.627000   46.087780  
  457  26.1   6516.090000     2.890000     -3.279000   54.270520  
  462  26.0   6625.020000     1.010000     -5.284000   15.642010  
  463  26.0   6627.550000     4.550000     -1.475000   27.871280  
  465  26.0   6653.860000     4.150000     -2.407000    9.126980  
  468  26.0   6705.110000     4.610000     -1.057000   46.800720  
  469  26.0   6710.320000     1.490000     -4.810000   15.304020  
  470  26.0   6713.050000     4.610000     -1.514000   22.593570  
  471  26.0   6713.200000     4.140000     -2.438000   11.038940  
  472  26.0   6713.740000     4.790000     -1.425000   21.309190  
  475  26.0   6732.070000     4.580000     -2.144000    8.753920  
  476  26.0   6733.150000     4.640000     -1.429000   28.597550  
  478  26.0   6745.110000     4.580000     -2.094000    9.656190  
  479  26.0   6745.970000     4.080000     -2.657000    6.863940  
  483  26.0   6793.260000     4.580000     -1.901000   12.083410  
  484  26.0   6806.850000     2.730000     -3.103000   33.634040  
  485  26.0   6810.270000     4.610000     -0.995000   49.141870  
  486  26.0   6820.370000     4.640000     -1.134000   41.456530  
  487  26.0   6828.600000     3.570000     -1.871000   50.349660  
  488  26.0   6833.230000     4.640000     -1.975000    9.148100  
  489  26.0   6837.010000     4.590000     -1.732000   19.692530  
  490  26.0   6839.840000     2.560000     -3.377000   31.422430  
  491  26.0   6842.690000     4.640000     -1.169000   36.941320  
  492  26.0   6843.660000     4.550000     -0.867000   62.051560  
  493  26.0   6855.720000     4.610000     -1.674000   18.272560  
  494  26.0   6857.250000     4.080000     -2.075000   23.131570  
  495  26.0   6858.150000     4.610000     -0.972000   51.780840  
  496  26.0   6861.940000     2.420000     -3.795000   18.232220  
