5688.22 2.10 -0.628 NaI
6154.23 2.10 -1.622 NaI
6160.75 2.10 -1.363 NaI
4730.04 4.35 -2.234 MgI
5711.09 4.35 -1.777 MgI
6319.24 5.11 -2.300 MgI
6318.72 5.11 -1.996 MgI
6696.03 3.14 -1.571 AlI
6698.67 3.14 -1.886 AlI
5517.54 5.08 -2.496 SiI
5621.60 5.08 -2.500 SiI
5645.61 4.93 -2.068 SiI
5684.49 4.95 -1.642 SiI
5690.43 4.93 -1.790 SiI
5701.11 4.93 -2.034 SiI
5753.64 5.62 -1.333 SiI
5772.15 5.08 -1.669 SiI
5797.87 4.95 -1.912 SiI
5948.54 5.08 -1.208 SiI
6125.02 5.61 -1.555 SiI
6142.49 5.62 -1.520 SiI
6145.02 5.62 -1.425 SiI
6195.46 5.87 -1.666 SiI
6237.33 5.61 -1.116 SiI
6243.82 5.62 -1.331 SiI
6244.48 5.62 -1.310 SiI
6414.99 5.87 -1.100 SiI
6527.21 5.87 -1.227 SiI
6583.71 5.95 -1.640 SiI
6721.85 5.86 -1.156 SiI
6741.63 5.98 -1.625 SiI
5261.71 2.52 -0.677 CaI
5349.47 2.71 -0.581 CaI
5512.98 2.93 -0.559 CaI
5867.56 2.93 -1.592 CaI
6156.02 2.52 -2.497 CaI
6161.29 2.52 -1.313 CaI
6166.44 2.52 -1.155 CaI
6169.04 2.52 -0.800 CaI
6449.82 2.52 -0.733 CaI
6455.60 2.52 -1.404 CaI
6471.67 2.53 -0.825 CaI
6499.65 2.52 -0.917 CaI
4743.82 1.45  0.297 ScI
5520.50 1.87  0.562 ScI
5671.82 1.45  0.533 ScI
5526.82 1.77  0.140 ScII
5657.88 1.51 -0.326 ScII
5667.14 1.50 -1.025 ScII
5684.19 1.51 -0.946 ScII
6245.62 1.51 -1.022 ScII
6320.84 1.50 -1.863 ScII
6604.60 1.36 -1.160 ScII
4555.49 0.85 -0.575 TiI
4562.63 0.02 -2.718 TiI
4645.19 1.73 -0.666 TiI
4656.47 0.00 -1.308 TiI
4675.11 1.07 -0.939 TiI
4722.61 1.05 -1.433 TiI
4820.41 1.50 -0.429 TiI
4913.62 1.87  0.068 TiI
4997.10 0.00 -2.174 TiI
5016.17 0.85 -0.657 TiI
5039.96 0.02 -1.199 TiI
5064.06 2.69 -0.471 TiI
5071.49 1.46 -0.797 TiI
5113.44 1.44 -0.861 TiI
5145.47 1.46 -0.622 TiI
5219.70 0.02 -2.254 TiI
5490.16 1.46 -1.008 TiI
5503.90 2.58 -0.218 TiI
5648.57 2.49 -0.410 TiI
5662.16 2.32 -0.123 TiI
5739.48 2.25 -0.781 TiI
5766.33 3.29  0.326 TiI
5866.45 1.07 -0.840 TiI
5965.84 1.88 -0.492 TiI
5978.55 1.87 -0.602 TiI
6064.63 1.05 -1.941 TiI
6091.18 2.27 -0.445 TiI
6126.22 1.07 -1.416 TiI
6258.11 1.44 -0.435 TiI
6261.10 1.43 -0.491 TiI
6599.12 0.90 -2.069 TiI
4583.41 1.16 -2.840 TiII
4636.33 1.16 -3.152 TiII
4657.20 1.24 -2.379 TiII
4708.67 1.24 -2.392 TiII
4911.20 3.12 -0.537 TiII
5211.54 2.59 -1.490 TiII
5381.03 1.57 -1.904 TiII
5418.77 1.58 -2.104 TiII
4502.21 2.92 -0.523 MnI
4671.77 2.89 -1.567 MnI
4739.11 2.94 -0.462 MnI
5377.62 3.84 -0.068 MnI
5399.47 3.85 -0.104 MnI
5413.67 3.86 -0.476 MnI
4575.11 3.37 -1.004 CrI
4600.75 1.00 -1.457 CrI
4626.18 0.97 -1.467 CrI
4633.25 3.13 -1.215 CrI
4700.61 2.71 -1.464 CrI
4708.02 3.17 -0.104 CrI
4730.72 3.08 -0.345 CrI
4767.86 3.56 -0.599 CrI
4775.14 3.55 -1.025 CrI
4936.34 3.11 -0.343 CrI
4964.93 0.94 -2.577 CrI
5214.14 3.37 -0.784 CrI
5238.97 2.71 -1.427 CrI
5247.57 0.96 -1.618 CrI
5287.18 3.44 -0.954 CrI
5296.70 0.98 -1.373 CrI
5300.75 0.98 -2.125 CrI
5781.18 3.32 -0.886 CrI
5783.07 3.32 -0.472 CrI
5787.92 3.32 -0.183 CrI
6330.13 0.94 -2.92  CrI
6661.08 4.19 -0.234 CrI
6882.52 3.44 -0.392 CrI
4588.20 4.07 -0.752 CrII
4592.05 4.07 -1.252 CrII
4884.61 3.86 -2.069 CrII
5670.85 1.08 -0.482 VI
5703.59 1.05 -0.460 VI
5727.05 1.08  0.000 VI
5737.07 1.06 -0.815 VI
6039.73 1.06 -0.650 VI
6081.45 1.05 -0.692 VI
6090.21 1.08 -0.150 VI
6111.65 1.04 -0.715 VI
6135.36 1.05 -0.746 VI
6216.35 0.28 -0.900 VI
6224.51 0.29 -1.935 VI
6251.83 0.29 -1.431 VI
6274.66 0.27 -1.751 VI
6285.17 0.28 -1.676 VI
4594.63 3.63 -0.279 CoI
4792.86 3.25 -0.080 CoI
4813.48 3.22  0.177 CoI
5301.05 1.71 -1.950 CoI
5342.71 4.02  0.606 CoI
5352.05 3.58  0.004 CoI
5359.20 4.15  0.040 CoI
5647.24 2.28 -1.594 CoI
6814.95 1.96 -1.822 CoI
4512.99 3.71 -1.467 NiI
4811.99 3.66 -1.363 NiI
4814.60 3.60 -1.670 NiI
4913.98 3.74 -0.661 NiI
4946.04 3.80 -1.224 NiI
4952.29 3.61 -1.261 NiI
4976.33 1.68 -3.002 NiI
4995.66 3.63 -1.611 NiI
5010.94 3.63 -0.901 NiI
5081.11 3.85  0.064 NiI
5094.41 3.83 -1.108 NiI
5392.33 4.15 -1.354 NiI
5435.86 1.99 -2.432 NiI
5462.50 3.85 -0.880 NiI
5578.72 1.68 -2.650 NiI
5587.87 1.93 -2.479 NiI
5589.36 3.90 -1.148 NiI
5625.32 4.09 -0.731 NiI
5628.35 4.09 -1.316 NiI
5638.75 3.90 -1.699 NiI
5641.88 4.11 -1.017 NiI
5643.08 4.16 -1.234 NiI
5682.20 4.10 -0.39  NiI
5694.99 4.09 -0.629 NiI
5748.36 1.68 -3.279 NiI
5754.68 1.94 -2.33  NiI
5805.22 4.17 -0.604 NiI
5847.00 1.68 -3.410 NiI
5996.73 4.24 -1.010 NiI
6007.31 1.68 -3.330 NiI
6086.29 4.27 -0.471 NiI
6108.12 1.68 -2.512 NiI
6111.08 4.09 -0.823 NiI
6119.76 4.27 -1.316 NiI
6128.98 1.68 -3.368 NiI
6130.14 4.27 -0.938 NiI
6175.37 4.09 -0.534 NiI
6176.82 4.09 -0.266 NiI
6177.25 1.83 -3.538 NiI
6186.72 4.11 -0.888 NiI
6204.61 4.09 -1.112 NiI
6223.99 4.11 -0.954 NiI
6230.10 4.11 -1.132 NiI
6322.17 4.15 -1.164 NiI
6327.60 1.68 -3.086 NiI
6360.81 4.17 -1.145 NiI
6378.26 4.15 -0.830 NiI
6598.60 4.24 -0.914 NiI
6635.13 4.42 -0.779 NiI
6767.78 1.83 -2.136 NiI
6772.32 3.66 -0.963 NiI
6842.04 3.66 -1.496 NiI
4508.28 2.86 -2.403 FeII
4520.22 2.81 -2.563 FeII
4523.40 3.65 -1.871 FeI
4531.62 3.21 -1.801 FeI
4534.17 2.86 -3.203 FeII
4537.67 3.27 -2.870 FeI
4541.52 2.86 -2.762 FeII
4551.65 3.94 -1.928 FeI
4554.46 2.87 -2.752 FeI
4556.93 3.25 -2.644 FeI
4561.41 2.76 -2.879 FeI
4566.52 3.30 -2.156 FeI
4574.22 3.21 -2.353 FeI
4574.72 2.28 -2.823 FeI
4576.34 2.84 -2.947 FeII
4579.33 2.83 -3.024 FeI
4582.84 2.84 -3.076 FeII
4593.53 3.94 -1.921 FeI
4596.41 3.65 -2.090 FeI
4602.00 1.61 -3.163 FeI
4602.95 1.49 -2.291 FeI
4607.65 3.98 -0.754 FeI
4620.51 2.83 -3.234 FeII
4625.05 3.24 -1.222 FeI
4629.34 2.81 -2.262 FeII
4630.12 2.28 -2.488 FeI
4631.49 4.55 -1.890 FeI
4635.85 2.85 -2.384 FeI
4656.98 2.89 -3.676 FeII
4661.54 4.56 -1.186 FeI
4670.17 2.58 -4.011 FeII
4690.14 3.69 -1.550 FeI
4741.53 2.83 -2.027 FeI
4749.95 4.56 -1.236 FeI
4757.58 3.27 -1.988 FeI
4772.82 1.56 -2.752 FeI
4779.44 3.42 -2.162 FeI
4780.81 3.25 -3.236 FeI
4787.83 3.00 -2.532 FeI
4788.76 3.24 -1.791 FeI
4789.65 3.55 -1.171 FeI
4793.97 3.05 -3.464 FeI
4794.36 2.42 -3.892 FeI
4799.41 3.64 -2.073 FeI
4802.52 4.61 -1.714 FeI
4802.88 3.69 -1.527 FeI
4808.15 3.25 -2.630 FeI
4809.94 3.57 -2.542 FeI
4811.05 3.07 -3.182 FeI
4885.43 3.88 -1.136 FeI
4905.14 3.93 -1.818 FeI
4923.93 2.89 -1.541 FeII
4924.77 2.28 -2.058 FeI
4946.39 3.37 -1.049 FeI
4952.65 4.21 -1.184 FeI
4961.92 3.63 -2.301 FeI
4962.58 4.18 -1.209 FeI
4967.90 4.19 -0.720 FeI
4993.70 4.21 -1.138 FeI
4994.14 0.92 -3.171 FeI
5044.22 2.85 -2.038 FeI
5049.82 2.28 -1.432 FeI
5054.65 3.64 -1.992 FeI
5067.15 4.22 -0.860 FeI
5068.77 2.94 -1.074 FeI
5072.68 4.22 -0.983 FeI
5074.76 4.22 -0.229 FeI
5083.34 0.96 -3.047 FeI
5088.15 4.15 -1.554 FeI
5090.78 4.26 -0.514 FeI
5107.45 0.99 -3.151 FeI
5107.65 1.56 -2.600 FeI
5109.65 4.30 -0.736 FeI
5127.36 0.92 -3.317 FeI
5129.63 3.94 -1.469 FeI
5132.67 2.81 -4.008 FeII
5141.74 2.42 -2.125 FeI
5143.73 2.20 -3.811 FeI
5151.91 1.01 -3.155 FeI
5159.06 4.28 -0.846 FeI
5180.06 4.47 -1.105 FeI
5187.91 4.14 -1.202 FeI
5194.95 1.56 -2.333 FeI
5195.48 4.22 -0.441 FeI
5196.06 4.26 -0.827 FeI
5197.57 3.23 -2.293 FeII
5197.94 4.30 -1.491 FeI
5198.72 2.22 -2.164 FeI
5217.40 3.21 -1.082 FeI
5223.19 3.63 -2.252 FeI
5225.53 0.11 -4.773 FeI
5228.38 4.22 -1.095 FeI
5229.86 3.28 -0.935 FeI
5234.63 3.22 -2.235 FeII
5242.50 3.63 -1.124 FeI
5243.78 4.26 -1.022 FeI
5247.06 0.09 -4.941 FeI
5250.21 0.12 -4.870 FeI
5253.02 2.28 -3.855 FeI
5253.47 3.28 -1.591 FeI
5256.94 2.89 -4.019 FeII
5263.31 3.27 -0.864 FeI
5264.81 3.23 -3.091 FeII
5284.11 2.89 -3.132 FeII
5288.53 3.69 -1.612 FeI
5293.96 4.14 -1.747 FeI
5294.55 3.64 -2.627 FeI
5295.32 4.42 -1.518 FeI
5361.62 4.42 -1.205 FeI
5373.71 4.47 -0.841 FeI
5376.83 4.29 -2.040 FeI
5379.58 3.69 -1.552 FeI
5386.34 4.15 -1.709 FeI
5389.48 4.42 -0.534 FeI
5395.22 4.45 -1.724 FeI
5398.28 4.45 -0.684 FeI
5401.27 4.32 -1.712 FeI
5406.78 4.37 -1.429 FeI
5409.14 4.37 -1.051 FeI
5414.07 3.22 -3.568 FeII
5417.04 4.42 -1.404 FeI
5425.25 3.20 -3.234 FeII
5427.81 6.72 -1.481 FeII
5432.95 4.45 -0.729 FeI
5436.30 4.39 -1.319 FeI
5436.59 2.28 -3.267 FeI
5441.34 4.31 -1.558 FeI
5461.55 4.45 -1.570 FeI
5464.28 4.14 -1.595 FeI
5466.99 3.65 -2.141 FeI
5473.17 4.19 -1.986 FeI
5481.25 4.10 -1.203 FeI
5491.83 4.19 -2.195 FeI
5522.45 4.21 -1.419 FeI
5525.12 3.27 -4.000 FeII
5534.66 4.15 -2.391 FeI
5534.85 3.25 -2.792 FeII
5538.52 3.63 -2.090 FeI
5543.94 4.22 -1.070 FeI
5546.51 4.37 -1.124 FeI
5547.00 4.22 -1.741 FeI
5553.58 4.43 -1.321 FeI
5560.22 4.43 -1.064 FeI
5567.40 2.61 -2.594 FeI
5577.03 5.03 -1.485 FeI
5584.77 3.57 -2.189 FeI
5587.58 4.14 -1.656 FeI
5594.66 4.55 -0.858 FeI
5618.64 4.21 -1.298 FeI
5619.60 4.39 -1.435 FeI
5633.95 4.99 -0.385 FeI
5635.83 4.26 -1.556 FeI
5636.70 3.64 -2.511 FeI
5638.27 4.22 -0.809 FeI
5641.44 4.26 -0.969 FeI
5649.99 5.10 -0.785 FeI
5651.47 4.47 -1.763 FeI
5652.32 4.26 -1.751 FeI
5653.87 4.39 -1.402 FeI
5661.35 4.28 -1.828 FeI
5662.52 4.18 -0.601 FeI
5667.52 4.18 -1.292 FeI
5679.03 4.65 -0.756 FeI
5680.24 4.19 -2.330 FeI
5701.55 2.56 -2.162 FeI
5715.09 4.28 -0.847 FeI
5720.90 4.55 -1.805 FeI
5731.77 4.26 -1.124 FeI
5738.24 4.22 -2.164 FeI
5741.85 4.26 -1.626 FeI
5752.04 4.55 -0.917 FeI
5775.08 4.22 -1.124 FeI
5778.46 4.15 -1.967 FeI
5793.92 4.22 -1.622 FeI
5806.73 4.61 -0.877 FeI
5809.22 3.88 -1.614 FeI
5811.92 4.14 -2.333 FeI
5814.81 4.28 -1.820 FeI
5815.22 4.15 -2.364 FeI
5827.88 3.28 -3.147 FeI
5852.22 4.55 -1.190 FeI
5853.15 1.49 -5.130 FeI
5855.08 4.61 -1.531 FeI
5856.09 4.29 -1.572 FeI
5862.36 4.55 -0.404 FeI
5902.48 4.59 -1.797 FeI
5905.68 4.65 -0.775 FeI
5916.26 2.45 -2.920 FeI
5927.79 4.65 -1.057 FeI
5929.68 4.55 -1.211 FeI
5930.19 4.65 -0.326 FeI
5934.66 3.93 -1.091 FeI
5956.70 0.86 -4.526 FeI
5983.69 4.55 -0.719 FeI
5984.82 4.73 -0.335 FeI
5987.07 4.79 -0.478 FeI
5991.38 3.15 -3.539 FeII
6005.55 2.59 -3.479 FeI
6024.06 4.55 -0.124 FeI
6027.06 4.08 -1.178 FeI
6034.04 4.31 -2.306 FeI
6035.34 4.29 -2.476 FeI
6054.08 4.37 -2.237 FeI
6056.01 4.73 -0.489 FeI
6065.49 2.61 -1.616 FeI
6078.49 4.79 -0.364 FeI
6079.01 4.65 -1.008 FeI
6082.72 2.22 -3.566 FeI
6084.11 3.20 -3.774 FeII
6089.57 4.58 -1.273 FeI
6094.38 4.65 -1.566 FeI
6096.67 3.98 -1.776 FeI
6098.25 4.56 -1.755 FeI
6113.32 3.22 -4.108 FeII
6120.25 0.92 -5.894 FeI
6127.91 4.14 -1.417 FeI
6149.25 3.89 -2.719 FeII
6151.62 2.18 -3.298 FeI
6157.73 4.08 -1.238 FeI
6159.38 4.61 -1.878 FeI
6165.36 4.14 -1.502 FeI
6173.34 2.22 -2.877 FeI
6180.21 2.73 -2.632 FeI
6187.99 3.94 -1.620 FeI
6200.32 2.61 -2.397 FeI
6213.44 2.22 -2.580 FeI
6219.29 2.20 -2.463 FeI
6220.79 3.88 -2.330 FeI
6226.74 3.88 -2.069 FeI
6229.24 2.85 -2.866 FeI
6232.65 3.65 -1.240 FeI
6238.39 3.89 -2.526 FeII
6239.94 3.89 -3.448 FeII
6240.65 2.22 -3.292 FeI
6247.56 3.89 -2.347 FeII
6265.14 2.18 -2.559 FeI
6270.23 2.86 -2.573 FeI
6290.98 4.73 -0.576 FeI
6297.80 2.22 -2.777 FeI
6303.46 4.32 -2.492 FeI
6315.81 4.08 -1.645 FeI
6322.69 2.59 -2.368 FeI
6335.34 2.20 -2.339 FeI
6336.83 3.69 -0.858 FeI
6358.68 0.86 -3.907 FeI
6369.46 2.89 -4.131 FeII
6380.75 4.19 -1.322 FeI
6385.72 4.73 -1.828 FeI
6392.54 2.28 -3.942 FeI
6407.29 3.89 -2.899 FeII
6416.93 3.89 -2.625 FeII
6430.85 2.18 -2.127 FeI
6432.69 2.89 -3.572 FeII
6442.97 5.55 -2.399 FeII
6456.39 3.90 -2.110 FeII
6481.88 2.28 -2.929 FeI
6498.94 0.96 -4.627 FeI
6516.09 2.89 -3.279 FeII
6581.21 1.49 -4.706 FeI
6593.88 2.43 -2.384 FeI
6608.03 2.28 -3.967 FeI
6609.12 2.56 -2.632 FeI
6625.02 1.01 -5.284 FeI
6627.55 4.55 -1.475 FeI
6646.94 2.61 -3.915 FeI
6653.86 4.15 -2.407 FeI
6699.15 4.59 -2.106 FeI
6703.57 2.76 -3.022 FeI
6705.11 4.61 -1.057 FeI
6710.32 1.49 -4.810 FeI
6713.05 4.61 -1.514 FeI
6713.20 4.14 -2.438 FeI
6713.74 4.79 -1.425 FeI
6725.36 4.10 -2.187 FeI
6726.67 4.61 -1.045 FeI
6732.07 4.58 -2.144 FeI
6733.15 4.64 -1.429 FeI
6739.52 1.56 -4.902 FeI
6745.11 4.58 -2.094 FeI
6745.97 4.08 -2.657 FeI
6750.16 2.42 -2.615 FeI
6752.71 4.64 -1.234 FeI
6786.86 4.19 -1.886 FeI
6793.26 4.58 -1.901 FeI
6806.85 2.73 -3.103 FeI
6810.27 4.61 -0.995 FeI
6820.37 4.64 -1.134 FeI
6828.60 3.57 -1.871 FeI
6833.23 4.64 -1.975 FeI
6837.01 4.59 -1.732 FeI
6839.84 2.56 -3.377 FeI
6842.69 4.64 -1.169 FeI
6843.66 4.55 -0.867 FeI
6855.72 4.61 -1.674 FeI
6857.25 4.08 -2.075 FeI
6858.15 4.61 -0.972 FeI
6861.94 2.42 -3.795 FeI
6862.50 4.56 -1.437 FeI
6864.32 4.56 -2.229 FeI
