    1  26.0   4808.15    3.25    -2.690    FeI    
    2  26.0   4809.94    3.57    -2.620    FeI    
    3  26.0   4869.46    3.55    -2.420    FeI    
    4  26.0   4875.88    3.33    -1.920    FeI    
    5  26.0   4892.86    4.22    -1.290    FeI    
    6  26.0   4946.39    3.37    -1.170    FeI    
    7  26.0   4950.11    3.42    -1.670    FeI    
    8  26.0   4961.91    3.63    -2.190    FeI    
    9  26.0   4962.57    4.18    -1.182    FeI    
   10  26.0   4969.92    4.22    -0.710    FeI    
   11  26.0   4979.59    3.64    -2.677    FeI    
   12  26.0   4985.55    2.87    -1.340    FeI    
   13  26.0   4999.11    4.19    -1.640    FeI    
   14  26.0   5012.69    4.28    -1.690    FeI    
   15  26.0   5023.19    4.28    -1.500    FeI    
   16  26.0   5025.30    4.28    -2.001    FeI    
   17  26.0   5049.82    2.28    -1.349    FeI    
   18  26.0   5074.75    4.22    -0.230    FeI    
   19  26.0   5088.15    4.15    -1.680    FeI    
   20  26.0   5109.65    4.30    -0.980    FeI    
   21  26.0   5141.74    2.42    -2.101    FeI    
   22  26.0   5151.91    1.01    -3.322    FeI    
   23  26.0   5197.94    4.30    -1.540    FeI    
   24  26.0   5215.18    3.27    -0.871    FeI    
   25  26.0   5225.53    0.11    -4.755    FeI    
   26  26.0   5228.38    4.22    -1.190    FeI    
   27  26.0   5232.94    2.94    -0.076    FeI    
   28  26.0   5243.78    4.26    -1.050    FeI    
   29  26.0   5250.65    2.20    -2.180    FeI    
   30  26.0   5281.79    3.04    -0.833    FeI    
   31  26.0   5285.13    4.43    -1.540    FeI    
   32  26.0   5293.96    4.14    -1.770    FeI    
   33  26.0   5294.55    3.64    -2.760    FeI    
   34  26.0   5295.31    4.41    -1.590    FeI    
   35  26.0   5307.36    1.61    -2.912    FeI    
   36  26.0   5315.07    4.37    -1.650    FeI    
   37  26.0   5321.11    4.43    -1.089    FeI    
   38  26.0   5326.14    3.57    -2.071    FeI    
   39  26.0   5373.71    4.47    -0.760    FeI    
   40  26.0   5386.33    4.15    -1.670    FeI    
   41  26.0   5397.62    3.63    -2.528    FeI    
   42  26.0   5398.28    4.45    -0.630    FeI    
   43  26.0   5417.03    4.41    -1.580    FeI    
   44  26.0   5424.07    4.32     0.520    FeI    
   45  26.0   5436.29    4.39    -1.440    FeI    
   46  26.0   5441.34    4.31    -1.630    FeI    
   47  26.0   5466.40    4.37    -0.630    FeI    
   48  26.0   5466.99    3.57    -2.233    FeI    
   49  26.0   5473.16    4.19    -2.040    FeI    
   50  26.0   5481.24    4.10    -1.243    FeI    
   51  26.0   5494.46    4.08    -1.990    FeI    
   52  26.0   5501.46    0.96    -3.046    FeI    
   53  26.0   5539.28    3.64    -2.560    FeI    
   54  26.0   5549.95    3.69    -2.810    FeI    
   55  26.0   5577.02    5.03    -1.543    FeI    
   56  26.0   5584.76    3.57    -2.220    FeI    
   57  26.0   5587.57    4.14    -1.750    FeI    
   58  26.0   5619.60    4.39    -1.600    FeI    
   59  26.0   5633.95    4.99    -0.230    FeI    
   60  26.0   5635.82    4.26    -1.790    FeI    
   61  26.0   5636.70    3.64    -2.510    FeI    
   62  26.0   5638.26    4.22    -0.770    FeI    
   63  26.0   5641.43    4.26    -1.080    FeI    
   64  26.0   5649.99    5.10    -0.820    FeI    
   65  26.0   5650.71    5.09    -0.860    FeI    
   66  26.0   5651.47    4.47    -1.900    FeI    
   67  26.0   5652.32    4.26    -1.850    FeI    
   68  26.0   5653.87    4.39    -1.540    FeI    
   69  26.0   5655.18    5.06    -0.600    FeI    
   70  26.0   5662.52    4.18    -0.573    FeI    
   71  26.0   5679.02    4.65    -0.820    FeI    
   72  26.0   5691.50    4.30    -1.420    FeI    
   73  26.0   5696.09    4.55    -1.720    FeI    
   74  26.0   5701.54    2.56    -2.160    FeI    
   75  26.0   5704.73    5.03    -1.409    FeI    
   76  26.0   5731.76    4.26    -1.200    FeI    
   77  26.0   5732.30    4.99    -1.460    FeI    
   78  26.0   5741.85    4.26    -1.672    FeI    
   79  26.0   5752.03    4.55    -1.177    FeI    
   80  26.0   5760.34    3.64    -2.390    FeI    
   81  26.0   5775.08    4.22    -1.297    FeI    
   82  26.0   5778.45    2.59    -3.430    FeI    
   83  26.0   5784.66    3.40    -2.532    FeI    
   84  26.0   5793.92    4.22    -1.600    FeI    
   85  26.0   5806.73    4.61    -0.950    FeI    
   86  26.0   5814.81    4.28    -1.870    FeI    
   87  26.0   5815.22    4.15    -2.520    FeI    
   88  26.0   5838.37    3.94    -2.240    FeI    
   89  26.0   5848.13    4.61    -1.056    FeI    
   90  26.0   5853.15    1.49    -5.180    FeI    
   91  26.0   5855.08    4.61    -1.478    FeI    
   92  26.0   5883.82    3.96    -1.260    FeI    
   93  26.0   5902.47    4.59    -1.710    FeI    
   94  26.0   5905.67    4.65    -0.690    FeI    
   95  26.0   5909.97    3.21    -2.587    FeI    
   96  26.0   5929.68    4.55    -1.310    FeI    
   97  26.0   5930.18    4.65    -0.230    FeI    
   98  26.0   5934.65    3.93    -1.070    FeI    
   99  26.0   5956.69    0.86    -4.553    FeI    
  100  26.0   6003.01    3.88    -1.120    FeI    
  101  26.0   6005.54    2.59    -3.605    FeI    
  102  26.0   6008.56    3.88    -0.986    FeI    
  103  26.0   6012.21    2.22    -4.038    FeI    
  104  26.0   6065.48    2.61    -1.470    FeI    
  105  26.0   6078.49    4.80    -0.321    FeI    
  106  26.0   6079.01    4.65    -1.020    FeI    
  107  26.0   6096.66    3.98    -1.830    FeI    
  108  26.0   6098.24    4.56    -1.859    FeI    
  109  26.0   6127.91    4.14    -1.399    FeI    
  110  26.0   6136.99    2.20    -2.941    FeI    
  111  26.0   6137.69    2.59    -1.375    FeI    
  112  26.0   6165.36    4.14    -1.473    FeI    
  113  26.0   6187.99    3.94    -1.620    FeI    
  114  26.0   6219.28    2.20    -2.434    FeI    
  115  26.0   6226.73    3.88    -2.120    FeI    
  116  26.0   6229.23    2.85    -2.805    FeI    
  117  26.0   6232.64    3.65    -1.223    FeI    
  118  26.0   6246.32    3.60    -0.805    FeI    
  119  26.0   6252.56    2.40    -1.727    FeI    
  120  26.0   6265.13    2.18    -2.545    FeI    
  121  26.0   6270.22    2.86    -2.536    FeI    
  122  26.0   6271.28    3.33    -2.703    FeI    
  123  26.0   6315.81    4.08    -1.610    FeI    
  124  26.0   6322.69    2.59    -2.448    FeI    
  125  26.0   6336.82    3.69    -0.856    FeI    
  126  26.0   6338.88    4.80    -0.960    FeI    
  127  26.0   6364.36    4.80    -1.330    FeI    
  128  26.0   6393.60    2.43    -1.504    FeI    
  129  26.0   6411.65    3.65    -0.656    FeI    
  130  26.0   6421.35    2.28    -2.020    FeI    
  131  26.0   6430.85    2.18    -1.976    FeI    
  132  26.0   6481.87    2.28    -2.985    FeI    
  133  26.0   6496.47    4.80    -0.530    FeI    
  134  26.0   6498.94    0.96    -4.688    FeI    
  135  26.0   6533.93    4.56    -1.360    FeI    
  136  26.0   6569.21    4.73    -0.380    FeI    
  137  26.0   6574.23    0.99    -5.013    FeI    
  138  26.0   6597.56    4.80    -0.970    FeI    
  139  26.0   6608.02    2.28    -3.930    FeI    
  140  26.0   6609.11    2.56    -2.676    FeI    
  141  26.1   4993.36    2.81    -3.684    FeII    
  142  26.1   5132.67    2.81    -4.094    FeII    
  143  26.1   5284.11    2.89    -3.195    FeII    
  144  26.1   5414.07    3.22    -3.580    FeII    
  145  26.1   5425.26    3.20    -3.220    FeII    
  146  26.1   5534.85    3.24    -2.865    FeII    
  147  26.1   5991.38    3.15    -3.647    FeII    
  148  26.1   6084.11    3.20    -3.881    FeII    
  149  26.1   6149.26    3.89    -2.841    FeII    
  150  26.1   6238.39    3.89    -2.600    FeII    
  151  26.1   6516.08    2.89    -3.310    FeII    
