    1  26.1   4508.280000      2.860000     -2.519298     87.300000
    2  26.1   4520.220000      2.810000     -2.676107     81.900000
    3  26.0   4523.400000      3.650000     -1.972854     44.200000
    4  26.0   4531.620000      3.210000     -1.850766     66.400000
    5  26.1   4534.170000      2.860000     -3.316762     53.700000
    6  26.0   4537.670000      3.270000     -2.949599     17.400000
    7  26.1   4541.520000      2.860000     -2.877397     71.500000
    8  26.0   4551.650000      3.940000     -2.019502     29.100000
    9  26.0   4554.460000      2.870000     -2.860895     37.400000
   10  26.0   4556.930000      3.250000     -2.726896     26.300000
   11  26.0   4561.410000      2.760000     -2.961031     36.500000
   12  26.0   4566.520000      3.300000     -2.220477     46.200000
   13  26.0   4574.220000      3.210000     -2.466796     41.000000
   14  26.0   4574.720000      2.280000     -2.924444     59.600000
   15  26.1   4576.340000      2.840000     -3.059136     64.900000
   16  26.0   4579.330000      2.830000     -3.106537     27.300000
   17  26.1   4582.840000      2.840000     -3.188095     59.700000
   18  26.0   4593.530000      3.940000     -2.012145     29.500000
   19  26.0   4596.410000      3.650000     -2.184925     34.100000
   20  26.0   4602.000000      1.610000     -3.259391     72.200000
   21  26.0   4602.950000      1.490000     -2.330393    123.900000
   22  26.0   4607.650000      3.980000     -0.746898     90.000000
   23  26.1   4620.510000      2.830000     -3.346739     53.900000
   24  26.0   4625.050000      3.240000     -1.453449     96.700000
   25  26.1   4629.340000      2.810000     -2.369339     97.900000
   26  26.0   4630.120000      2.280000     -2.599135     74.300000
   27  26.0   4631.490000      4.550000     -1.970393     11.600000
   28  26.0   4635.850000      2.850000     -2.444145     55.500000
   29  26.1   4656.980000      2.890000     -3.787092     33.800000
   30  26.0   4661.540000      4.560000     -1.251303     38.500000
   31  26.1   4670.170000      2.580000     -4.120507     32.000000
   32  26.0   4690.140000      3.690000     -1.653894     58.800000
   33  26.0   4741.530000      2.830000     -2.031062     73.100000
   34  26.0   4749.950000      4.560000     -1.286490     36.000000
   35  26.0   4757.580000      3.270000     -2.049507     56.300000
   36  26.0   4772.820000      1.560000     -2.806436     94.000000
   37  26.0   4779.440000      3.420000     -2.230669     41.400000
   38  26.0   4780.810000      3.250000     -3.315613      9.200000
   39  26.0   4787.830000      3.000000     -2.646569     42.800000
   40  26.0   4788.760000      3.240000     -1.795845     67.000000
   41  26.0   4789.650000      3.550000     -1.181372     85.500000
   42  26.0   4793.970000      3.050000     -3.541553      8.600000
   43  26.0   4794.360000      2.420000     -3.967491     12.400000
   44  26.0   4799.410000      3.640000     -2.145630     35.900000
   45  26.0   4802.520000      4.610000     -1.787637     14.900000
   46  26.0   4802.880000      3.690000     -1.574263     60.400000
   47  26.0   4808.150000      3.250000     -2.707138     27.700000
   48  26.0   4809.940000      3.570000     -2.619601     19.400000
   49  26.0   4811.050000      3.070000     -3.258562     14.500000
   50  26.0   4885.430000      3.880000     -1.159542     72.500000
   51  26.0   4905.140000      3.930000     -1.915074     35.500000
   52  26.1   4923.930000      2.890000     -1.640803    154.300000
   53  26.0   4924.770000      2.280000     -2.166200     97.900000
   54  26.0   4946.390000      3.370000     -1.273756    103.700000
   55  26.0   4952.650000      4.210000     -1.228991     55.100000
   56  26.0   4961.920000      3.630000     -2.378196     26.700000
   57  26.0   4962.580000      4.180000     -1.255798     55.100000
   58  26.0   4967.900000      4.190000     -0.717188     82.900000
   59  26.0   4993.700000      4.210000     -1.179784     57.600000
   60  26.0   4994.140000      0.920000     -3.309379    105.300000
   61  26.0   5044.220000      2.850000     -2.208598     73.600000
   62  26.0   5049.820000      2.280000     -1.546145    149.300000
   63  26.0   5054.650000      3.640000     -2.057099     40.600000
   64  26.0   5067.150000      4.220000     -0.947592     73.000000
   65  26.0   5068.770000      2.940000     -1.343738    131.100000
   66  26.0   5072.680000      4.220000     -1.008852     65.900000
   67  26.0   5074.760000      4.220000     -0.315952    120.400000
   68  26.0   5083.340000      0.960000     -3.188177    111.300000
   69  26.0   5088.150000      4.150000     -1.640176     38.900000
   70  26.0   5090.780000      4.260000     -0.608294     93.800000
   71  26.0   5107.450000      0.990000     -3.282619    104.300000
   72  26.0   5107.650000      1.560000     -2.721965    105.700000
   73  26.0   5109.650000      4.300000     -0.833432     76.800000
   74  26.0   5127.360000      0.920000     -3.442666     99.400000
   75  26.0   5129.630000      3.940000     -1.554865     53.100000
   76  26.1   5132.670000      2.810000     -4.109241     24.600000
   77  26.0   5141.740000      2.420000     -2.227019     89.300000
   78  26.0   5143.730000      2.200000     -3.887108     22.300000
   79  26.0   5151.910000      1.010000     -3.284994    103.600000
   80  26.0   5159.060000      4.280000     -0.933825     71.200000
   81  26.0   5180.060000      4.470000     -1.199332     47.600000
   82  26.0   5187.910000      4.140000     -1.242946     57.900000
   83  26.0   5194.950000      1.560000     -2.466502    124.400000
   84  26.0   5195.480000      4.220000     -0.410940    101.800000
   85  26.0   5196.060000      4.260000     -0.837086     73.400000
   86  26.1   5197.570000      3.230000     -2.396340     80.100000
   87  26.0   5197.940000      4.300000     -1.577671     35.500000
   88  26.0   5198.720000      2.220000     -2.275866     97.400000
   89  26.0   5217.400000      3.210000     -1.337271    112.900000
   90  26.0   5223.190000      3.630000     -2.328132     29.400000
   91  26.0   5225.530000      0.110000     -4.868957     72.200000
   92  26.0   5228.380000      4.220000     -1.175198     60.000000
   93  26.0   5229.860000      3.280000     -1.206815    120.400000
   94  26.1   5234.630000      3.220000     -2.338924     83.500000
   95  26.0   5242.500000      3.630000     -1.110834     86.700000
   96  26.0   5243.780000      4.260000     -1.101413     62.200000
   97  26.0   5247.060000      0.090000     -5.029699     66.400000
   98  26.0   5250.210000      0.120000     -4.961828     68.000000
   99  26.0   5253.020000      2.280000     -3.929045     18.300000
  100  26.0   5253.470000      3.280000     -1.782185     77.600000
  101  26.1   5256.940000      2.890000     -4.118296     21.700000
  102  26.0   5263.310000      3.270000     -1.137679    127.900000
  103  26.1   5264.810000      3.230000     -3.196854     45.600000
  104  26.1   5284.110000      2.890000     -3.235554     57.600000
  105  26.0   5288.530000      3.690000     -1.649609     57.800000
  106  26.0   5293.960000      4.140000     -1.820493     30.600000
  107  26.0   5294.550000      3.640000     -2.701990     15.500000
  108  26.0   5295.320000      4.420000     -1.603645     29.300000
  109  26.0   5361.620000      4.420000     -1.292062     44.900000
  110  26.0   5373.710000      4.470000     -0.934572     62.800000
  111  26.0   5376.830000      4.290000     -2.114194     14.700000
  112  26.0   5379.580000      3.690000     -1.587215     61.200000
  113  26.0   5386.340000      4.150000     -1.801167     32.100000
  114  26.0   5389.480000      4.420000     -0.623028     84.600000
  115  26.0   5395.220000      4.450000     -1.807050     20.000000
  116  26.0   5398.280000      4.450000     -0.776619     73.300000
  117  26.0   5401.270000      4.320000     -1.793918     25.100000
  118  26.0   5406.780000      4.370000     -1.514164     35.800000
  119  26.0   5409.140000      4.370000     -1.134622     55.700000
  120  26.1   5414.070000      3.220000     -3.670587     26.900000
  121  26.0   5417.040000      4.420000     -1.489723     34.800000
  122  26.1   5425.250000      3.200000     -3.336148     41.100000
  123  26.0   5432.950000      4.450000     -0.817963     70.600000
  124  26.0   5436.300000      4.390000     -1.402793     40.500000
  125  26.0   5436.590000      2.280000     -3.350615     43.700000
  126  26.0   5441.340000      4.310000     -1.639543     32.400000
  127  26.0   5461.550000      4.450000     -1.653129     26.100000
  128  26.0   5464.280000      4.140000     -1.661638     38.200000
  129  26.0   5466.990000      3.650000     -2.213350     34.200000
  130  26.0   5473.170000      4.190000     -2.069129     19.500000
  131  26.0   5481.250000      4.100000     -1.298785     60.500000
  132  26.0   5491.830000      4.190000     -2.267801     13.300000
  133  26.0   5522.450000      4.210000     -1.500715     44.000000
  134  26.1   5525.120000      3.270000     -4.092691     12.400000
  135  26.0   5534.660000      4.150000     -2.467478      9.700000
  136  26.1   5534.850000      3.250000     -2.892110     58.100000
  137  26.0   5538.520000      3.630000     -2.159877     37.700000
  138  26.0   5543.940000      4.220000     -1.148849     62.200000
  139  26.0   5546.510000      4.370000     -1.203307     52.000000
  140  26.0   5547.000000      4.220000     -1.822110     28.100000
  141  26.0   5553.580000      4.430000     -1.403031     38.800000
  142  26.0   5560.220000      4.430000     -1.146367     52.400000
  143  26.0   5567.400000      2.610000     -2.675906     60.800000
  144  26.0   5577.030000      5.030000     -1.559963     11.500000
  145  26.0   5584.770000      3.570000     -2.256221     35.800000
  146  26.0   5587.580000      4.140000     -1.723640     35.500000
  147  26.0   5594.660000      4.550000     -0.886946     58.300000
  148  26.0   5618.640000      4.210000     -1.380686     50.500000
  149  26.0   5619.600000      4.390000     -1.515890     35.000000
  150  26.0   5633.950000      4.990000     -0.329912     66.500000
  151  26.0   5635.830000      4.260000     -1.645539     35.100000
  152  26.0   5636.700000      3.640000     -2.583288     19.800000
  153  26.0   5638.270000      4.220000     -0.886979     77.600000
  154  26.0   5641.440000      4.260000     -1.046862     66.200000
  155  26.0   5649.990000      5.100000     -0.839696     36.200000
  156  26.0   5651.470000      4.470000     -1.841879     18.400000
  157  26.0   5652.320000      4.260000     -1.831452     26.300000
  158  26.0   5653.870000      4.390000     -1.482076     36.700000
  159  26.0   5661.350000      4.280000     -1.907429     22.500000
  160  26.0   5662.520000      4.180000     -0.581374     93.400000
  161  26.0   5667.520000      4.180000     -1.338747     52.400000
  162  26.0   5679.030000      4.650000     -0.845408     59.500000
  163  26.0   5680.240000      4.190000     -2.404909     10.300000
  164  26.0   5701.550000      2.560000     -2.255445     84.500000
  165  26.0   5715.090000      4.280000     -0.856696     72.500000
  166  26.0   5720.900000      4.550000     -1.882658     14.900000
  167  26.0   5731.770000      4.260000     -1.201140     57.800000
  168  26.0   5738.240000      4.220000     -2.241539     13.600000
  169  26.0   5741.850000      4.260000     -1.705414     32.000000
  170  26.0   5752.040000      4.550000     -0.950870     55.200000
  171  26.0   5775.080000      4.220000     -1.157601     59.800000
  172  26.0   5778.460000      4.150000     -2.037082     22.000000
  173  26.0   5793.920000      4.220000     -1.702763     34.000000
  174  26.0   5806.730000      4.610000     -0.959029     54.600000
  175  26.0   5809.220000      3.880000     -1.734126     50.400000
  176  26.0   5811.920000      4.140000     -2.406278     11.400000
  177  26.0   5814.810000      4.280000     -1.898622     23.000000
  178  26.0   5815.220000      4.150000     -2.441479     10.500000
  179  26.0   5827.880000      3.280000     -3.223727     11.700000
  180  26.0   5852.220000      4.550000     -1.268662     40.500000
  181  26.0   5853.150000      1.490000     -5.200415      7.500000
  182  26.0   5855.080000      4.610000     -1.609620     22.300000
  183  26.0   5856.090000      4.290000     -1.632799     33.400000
  184  26.0   5862.360000      4.550000     -0.381829     87.600000
  185  26.0   5902.480000      4.590000     -1.864814     14.200000
  186  26.0   5905.680000      4.650000     -0.858474     58.700000
  187  26.0   5916.260000      2.450000     -2.998654     54.200000
  188  26.0   5927.790000      4.650000     -1.137355     42.900000
  189  26.0   5929.680000      4.550000     -1.289950     39.500000
  190  26.0   5930.190000      4.650000     -0.409888     87.900000
  191  26.0   5934.660000      3.930000     -1.261687     76.400000
  192  26.0   5956.700000      0.860000     -4.603443     53.700000
  193  26.0   5983.690000      4.550000     -0.730449     67.200000
  194  26.0   5984.820000      4.730000     -0.314966     83.000000
  195  26.0   5987.070000      4.790000     -0.477210     70.200000
  196  26.1   5991.380000      3.150000     -3.635521     31.200000
  197  26.0   6005.550000      2.590000     -3.550281     22.400000
  198  26.0   6024.060000      4.550000     -0.182174    110.500000
  199  26.0   6027.060000      4.080000     -1.204425     64.400000
  200  26.0   6034.040000      4.310000     -2.383763      8.800000
  201  26.0   6035.340000      4.290000     -2.546761      6.500000
  202  26.0   6054.080000      4.370000     -2.311254      9.100000
  203  26.0   6056.010000      4.730000     -0.572447     72.600000
  204  26.0   6065.490000      2.610000     -1.726486    117.900000
  205  26.0   6078.490000      4.790000     -0.350233     77.900000
  206  26.0   6079.010000      4.650000     -1.084604     45.800000
  207  26.0   6082.720000      2.220000     -3.641492     34.500000
  208  26.1   6084.110000      3.200000     -3.867107     20.900000
  209  26.0   6089.570000      4.580000     -1.331971     35.300000
  210  26.0   6094.380000      4.650000     -1.643171     19.900000
  211  26.0   6096.670000      3.980000     -1.877032     38.200000
  212  26.0   6098.250000      4.560000     -1.828851     16.500000
  213  26.1   6113.320000      3.220000     -4.196444     11.300000
  214  26.0   6120.250000      0.920000     -5.960664      5.200000
  215  26.0   6127.910000      4.140000     -1.465140     48.900000
  216  26.1   6149.250000      3.890000     -2.814606     36.200000
  217  26.0   6151.620000      2.180000     -3.369618     49.700000
  218  26.0   6157.730000      4.080000     -1.268327     61.500000
  219  26.0   6159.380000      4.610000     -1.954061     11.900000
  220  26.0   6165.360000      4.140000     -1.556881     44.500000
  221  26.0   6173.340000      2.220000     -2.949920     68.000000
  222  26.0   6180.210000      2.730000     -2.704070     55.800000
  223  26.0   6187.990000      3.940000     -1.730217     48.200000
  224  26.0   6200.320000      2.610000     -2.480265     73.000000
  225  26.0   6213.440000      2.220000     -2.655328     82.600000
  226  26.0   6219.290000      2.200000     -2.538398     89.600000
  227  26.0   6220.790000      3.880000     -2.409172     19.000000
  228  26.0   6226.740000      3.880000     -2.156896     29.200000
  229  26.0   6229.240000      2.850000     -2.941593     38.600000
  230  26.0   6232.650000      3.650000     -1.245596     83.300000
  231  26.1   6238.390000      3.890000     -2.619595     44.400000
  232  26.1   6239.940000      3.890000     -3.539332     12.200000
  233  26.0   6240.650000      2.220000     -3.366731     48.300000
  234  26.1   6247.560000      3.890000     -2.439351     52.200000
  235  26.0   6265.140000      2.180000     -2.633963     86.000000
  236  26.0   6270.230000      2.860000     -2.646269     52.800000
  237  26.0   6290.980000      4.730000     -0.581052     67.500000
  238  26.0   6297.800000      2.220000     -2.849485     73.500000
  239  26.0   6303.460000      4.320000     -2.568848      6.000000
  240  26.0   6315.810000      4.080000     -1.704156     40.500000
  241  26.0   6322.690000      2.590000     -2.452405     76.000000
  242  26.0   6335.340000      2.200000     -2.416938     97.200000
  243  26.0   6336.830000      3.690000     -1.083252    107.000000
  244  26.0   6358.680000      0.860000     -4.001105     84.400000
  245  26.1   6369.460000      2.890000     -4.221080     19.100000
  246  26.0   6380.750000      4.190000     -1.363567     52.200000
  247  26.0   6385.720000      4.730000     -1.903028     10.700000
  248  26.0   6392.540000      2.280000     -4.008589     17.800000
  249  26.1   6407.290000      3.890000     -2.986850     29.400000
  250  26.1   6416.930000      3.890000     -2.717631     40.500000
  251  26.0   6430.850000      2.180000     -2.206754    112.100000
  252  26.1   6432.690000      2.890000     -3.664369     41.000000
  253  26.1   6442.970000      5.550000     -2.498244      5.100000
  254  26.1   6456.390000      3.900000     -2.200692     63.000000
  255  26.0   6481.880000      2.280000     -3.005624     64.100000
  256  26.0   6498.940000      0.960000     -4.699212     46.100000
  257  26.1   6516.090000      2.890000     -3.371740     54.200000
  258  26.0   6581.210000      1.490000     -4.771020     19.000000
  259  26.0   6593.880000      2.430000     -2.470274     84.600000
  260  26.0   6608.030000      2.280000     -4.033180     17.400000
  261  26.0   6609.120000      2.560000     -2.710576     65.700000
  262  26.0   6625.020000      1.010000     -5.344455     16.100000
  263  26.0   6627.550000      4.550000     -1.550313     28.200000
  264  26.0   6646.940000      2.610000     -3.978947     10.300000
  265  26.0   6653.860000      4.150000     -2.482128     10.400000
  266  26.0   6699.150000      4.590000     -2.172890      8.200000
  267  26.0   6703.570000      2.760000     -3.092211     36.900000
  268  26.0   6705.110000      4.610000     -1.098278     46.500000
  269  26.0   6710.320000      1.490000     -4.873272     15.900000
  270  26.0   6713.050000      4.610000     -1.577482     24.300000
  271  26.0   6713.200000      4.140000     -2.507383     10.000000
  272  26.0   6713.740000      4.790000     -1.497031     21.200000
  273  26.0   6725.360000      4.100000     -2.263155     17.600000
  274  26.0   6726.670000      4.610000     -1.085312     47.200000
  275  26.0   6732.070000      4.580000     -2.214919      7.700000
  276  26.0   6733.150000      4.640000     -1.502324     26.700000
  277  26.0   6739.520000      1.560000     -4.962079     11.700000
  278  26.0   6745.110000      4.580000     -2.160877      8.600000
  279  26.0   6745.970000      4.080000     -2.726903      7.200000
  280  26.0   6750.160000      2.420000     -2.701371     74.000000
  281  26.0   6752.710000      4.640000     -1.307877     35.800000
  282  26.0   6786.860000      4.190000     -1.972249     25.500000
  283  26.0   6793.260000      4.580000     -1.968330     12.700000
  284  26.0   6806.850000      2.730000     -3.173395     34.700000
  285  26.0   6810.270000      4.610000     -1.077697     50.200000
  286  26.0   6820.370000      4.640000     -1.216333     41.100000
  287  26.0   6828.600000      3.570000     -1.985052     55.500000
  288  26.0   6833.230000      4.640000     -2.047700      9.800000
  289  26.0   6837.010000      4.590000     -1.792145     17.300000
  290  26.0   6839.840000      2.560000     -3.447843     29.900000
  291  26.0   6842.690000      4.640000     -1.251293     39.300000
  292  26.0   6843.660000      4.550000     -0.941682     60.700000
  293  26.0   6855.720000      4.610000     -1.745481     18.600000
  294  26.0   6857.250000      4.080000     -2.139140     22.400000
  295  26.0   6858.150000      4.610000     -1.045590     51.600000
  296  26.0   6861.940000      2.420000     -3.862034     18.900000
  297  26.0   6862.500000      4.560000     -1.514265     29.900000
  298  26.0   6864.320000      4.560000     -2.302749      6.800000
