    1  26.1   4508.280000      2.860000     -2.538751     87.300000
    2  26.1   4520.220000      2.810000     -2.687848     81.900000
    3  26.0   4523.400000      3.650000     -1.958471     44.200000
    4  26.0   4531.620000      3.210000     -1.828860     66.400000
    5  26.1   4534.170000      2.860000     -3.303863     53.700000
    6  26.0   4537.670000      3.270000     -2.946639     17.400000
    7  26.1   4541.520000      2.860000     -2.886030     71.500000
    8  26.0   4551.650000      3.940000     -2.009198     29.100000
    9  26.0   4554.460000      2.870000     -2.846157     37.400000
   10  26.0   4556.930000      3.250000     -2.710264     26.300000
   11  26.0   4561.410000      2.760000     -2.940030     36.500000
   12  26.0   4566.520000      3.300000     -2.202829     46.200000
   13  26.0   4574.220000      3.210000     -2.454661     41.000000
   14  26.0   4574.720000      2.280000     -2.928258     59.600000
   15  26.1   4576.340000      2.840000     -3.091909     64.900000
   16  26.0   4579.330000      2.830000     -3.095393     27.300000
   17  26.1   4582.840000      2.840000     -3.184930     59.700000
   18  26.0   4593.530000      3.940000     -2.001083     29.500000
   19  26.0   4596.410000      3.650000     -2.175739     34.100000
   20  26.0   4602.000000      1.610000     -3.241151     72.200000
   21  26.0   4602.950000      1.490000     -2.272388    123.900000
   22  26.0   4607.650000      3.980000     -0.715987     90.000000
   23  26.1   4620.510000      2.830000     -3.339570     53.900000
   24  26.0   4625.050000      3.240000     -1.416236     96.700000
   25  26.1   4629.340000      2.810000     -2.393797     97.900000
   26  26.0   4630.120000      2.280000     -2.609624     74.300000
   27  26.0   4631.490000      4.550000     -1.963750     11.600000
   28  26.0   4635.850000      2.850000     -2.420116     55.500000
   29  26.1   4656.980000      2.890000     -3.769632     33.800000
   30  26.0   4661.540000      4.560000     -1.230338     38.500000
   31  26.1   4670.170000      2.580000     -4.101247     32.000000
   32  26.0   4690.140000      3.690000     -1.643622     58.800000
   33  26.0   4741.530000      2.830000     -2.015741     73.100000
   34  26.0   4749.950000      4.560000     -1.271497     36.000000
   35  26.0   4757.580000      3.270000     -2.025309     56.300000
   36  26.0   4772.820000      1.560000     -2.762919     94.000000
   37  26.0   4779.440000      3.420000     -2.209952     41.400000
   38  26.0   4780.810000      3.250000     -3.310865      9.200000
   39  26.0   4787.830000      3.000000     -2.631950     42.800000
   40  26.0   4788.760000      3.240000     -1.769416     67.000000
   41  26.0   4789.650000      3.550000     -1.152985     85.500000
   42  26.0   4793.970000      3.050000     -3.535359      8.600000
   43  26.0   4794.360000      2.420000     -3.962116     12.400000
   44  26.0   4799.410000      3.640000     -2.131942     35.900000
   45  26.0   4802.520000      4.610000     -1.777818     14.900000
   46  26.0   4802.880000      3.690000     -1.553018     60.400000
   47  26.0   4808.150000      3.250000     -2.689984     27.700000
   48  26.0   4809.940000      3.570000     -2.612150     19.400000
   49  26.0   4811.050000      3.070000     -3.248914     14.500000
   50  26.0   4885.430000      3.880000     -1.133636     72.500000
   51  26.0   4905.140000      3.930000     -1.895868     35.500000
   52  26.1   4923.930000      2.890000     -1.709491    154.300000
   53  26.0   4924.770000      2.280000     -2.153359     97.900000
   54  26.0   4946.390000      3.370000     -1.243970    103.700000
   55  26.0   4952.650000      4.210000     -1.211937     55.100000
   56  26.0   4961.920000      3.630000     -2.367541     26.700000
   57  26.0   4962.580000      4.180000     -1.231311     55.100000
   58  26.0   4967.900000      4.190000     -0.684018     82.900000
   59  26.0   4993.700000      4.210000     -1.158801     57.600000
   60  26.0   4994.140000      0.920000     -3.254661    105.300000
   61  26.0   5044.220000      2.850000     -2.191686     73.600000
   62  26.0   5049.820000      2.280000     -1.548184    149.300000
   63  26.0   5054.650000      3.640000     -2.037083     40.600000
   64  26.0   5067.150000      4.220000     -0.930578     73.000000
   65  26.0   5068.770000      2.940000     -1.319705    131.100000
   66  26.0   5072.680000      4.220000     -0.981997     65.900000
   67  26.0   5074.760000      4.220000     -0.303388    120.400000
   68  26.0   5083.340000      0.960000     -3.137279    111.300000
   69  26.0   5088.150000      4.150000     -1.631107     38.900000
   70  26.0   5090.780000      4.260000     -0.592990     93.800000
   71  26.0   5107.450000      0.990000     -3.231482    104.300000
   72  26.0   5107.650000      1.560000     -2.679118    105.700000
   73  26.0   5109.650000      4.300000     -0.815209     76.800000
   74  26.0   5127.360000      0.920000     -3.401970     99.400000
   75  26.0   5129.630000      3.940000     -1.534443     53.100000
   76  26.1   5132.670000      2.810000     -4.092155     24.600000
   77  26.0   5141.740000      2.420000     -2.206585     89.300000
   78  26.0   5143.730000      2.200000     -3.880470     22.300000
   79  26.0   5151.910000      1.010000     -3.234569    103.600000
   80  26.0   5159.060000      4.280000     -0.916084     71.200000
   81  26.0   5180.060000      4.470000     -1.181788     47.600000
   82  26.0   5187.910000      4.140000     -1.217120     57.900000
   83  26.0   5194.950000      1.560000     -2.415170    124.400000
   84  26.0   5195.480000      4.220000     -0.380677    101.800000
   85  26.0   5196.060000      4.260000     -0.813334     73.400000
   86  26.1   5197.570000      3.230000     -2.507512     80.100000
   87  26.0   5197.940000      4.300000     -1.565172     35.500000
   88  26.0   5198.720000      2.220000     -2.261198     97.400000
   89  26.0   5217.400000      3.210000     -1.305386    112.900000
   90  26.0   5223.190000      3.630000     -2.315233     29.400000
   91  26.0   5225.530000      0.110000     -4.841264     72.200000
   92  26.0   5228.380000      4.220000     -1.158315     60.000000
   93  26.0   5229.860000      3.280000     -1.190100    120.400000
   94  26.1   5234.630000      3.220000     -2.348506     83.500000
   95  26.0   5242.500000      3.630000     -1.081224     86.700000
   96  26.0   5243.780000      4.260000     -1.088912     62.200000
   97  26.0   5247.060000      0.090000     -5.003664     66.400000
   98  26.0   5250.210000      0.120000     -4.939033     68.000000
   99  26.0   5253.020000      2.280000     -3.926804     18.300000
  100  26.0   5253.470000      3.280000     -1.752480     77.600000
  101  26.1   5256.940000      2.890000     -4.106618     21.700000
  102  26.0   5263.310000      3.270000     -1.110340    127.900000
  103  26.1   5264.810000      3.230000     -3.193704     45.600000
  104  26.1   5284.110000      2.890000     -3.226992     57.600000
  105  26.0   5288.530000      3.690000     -1.627258     57.800000
  106  26.0   5293.960000      4.140000     -1.805099     30.600000
  107  26.0   5294.550000      3.640000     -2.690296     15.500000
  108  26.0   5295.320000      4.420000     -1.593914     29.300000
  109  26.0   5361.620000      4.420000     -1.273506     44.900000
  110  26.0   5373.710000      4.470000     -0.919704     62.800000
  111  26.0   5376.830000      4.290000     -2.108618     14.700000
  112  26.0   5379.580000      3.690000     -1.568885     61.200000
  113  26.0   5386.340000      4.150000     -1.785712     32.100000
  114  26.0   5389.480000      4.420000     -0.609398     84.600000
  115  26.0   5395.220000      4.450000     -1.795584     20.000000
  116  26.0   5398.280000      4.450000     -0.755684     73.300000
  117  26.0   5401.270000      4.320000     -1.779456     25.100000
  118  26.0   5406.780000      4.370000     -1.504126     35.800000
  119  26.0   5409.140000      4.370000     -1.122442     55.700000
  120  26.1   5414.070000      3.220000     -3.659441     26.900000
  121  26.0   5417.040000      4.420000     -1.478861     34.800000
  122  26.1   5425.250000      3.200000     -3.320725     41.100000
  124  26.0   5432.950000      4.450000     -0.795858     70.600000
  125  26.0   5436.300000      4.390000     -1.383247     40.500000
  126  26.0   5436.590000      2.280000     -3.336467     43.700000
  127  26.0   5441.340000      4.310000     -1.635315     32.400000
  128  26.0   5461.550000      4.450000     -1.636994     26.100000
  129  26.0   5464.280000      4.140000     -1.640861     38.200000
  130  26.0   5466.990000      3.650000     -2.192132     34.200000
  131  26.0   5473.170000      4.190000     -2.059752     19.500000
  132  26.0   5481.250000      4.100000     -1.287395     60.500000
  133  26.0   5491.830000      4.190000     -2.257543     13.300000
  134  26.0   5522.450000      4.210000     -1.485430     44.000000
  135  26.1   5525.120000      3.270000     -4.083693     12.400000
  136  26.0   5534.660000      4.150000     -2.456048      9.700000
  137  26.1   5534.850000      3.250000     -2.885180     58.100000
  138  26.0   5538.520000      3.630000     -2.145453     37.700000
  139  26.0   5543.940000      4.220000     -1.129829     62.200000
  140  26.0   5546.510000      4.370000     -1.185704     52.000000
  141  26.0   5547.000000      4.220000     -1.809628     28.100000
  142  26.0   5553.580000      4.430000     -1.384080     38.800000
  143  26.0   5560.220000      4.430000     -1.134469     52.400000
  144  26.0   5567.400000      2.610000     -2.665147     60.800000
  145  26.0   5577.030000      5.030000     -1.551757     11.500000
  146  26.0   5584.770000      3.570000     -2.238558     35.800000
  147  26.0   5587.580000      4.140000     -1.709272     35.500000
  148  26.0   5594.660000      4.550000     -0.861805     58.300000
  149  26.0   5618.640000      4.210000     -1.364224     50.500000
  150  26.0   5619.600000      4.390000     -1.496487     35.000000
  151  26.0   5633.950000      4.990000     -0.343206     66.500000
  152  26.0   5635.830000      4.260000     -1.636071     35.100000
  153  26.0   5636.700000      3.640000     -2.573065     19.800000
  154  26.0   5638.270000      4.220000     -0.868119     77.600000
  155  26.0   5641.440000      4.260000     -1.023349     66.200000
  156  26.0   5649.990000      5.100000     -0.819218     36.200000
  157  26.0   5651.470000      4.470000     -1.833612     18.400000
  158  26.0   5652.320000      4.260000     -1.817520     26.300000
  159  26.0   5653.870000      4.390000     -1.469624     36.700000
  160  26.0   5661.350000      4.280000     -1.891394     22.500000
  161  26.0   5662.520000      4.180000     -0.544855     93.400000
  162  26.0   5667.520000      4.180000     -1.319082     52.400000
  163  26.0   5679.030000      4.650000     -0.829172     59.500000
  164  26.0   5680.240000      4.190000     -2.402870     10.300000
  165  26.0   5701.550000      2.560000     -2.237583     84.500000
  166  26.0   5715.090000      4.280000     -0.824746     72.500000
  167  26.0   5720.900000      4.550000     -1.880612     14.900000
  168  26.0   5731.770000      4.260000     -1.182945     57.800000
  169  26.0   5738.240000      4.220000     -2.231063     13.600000
  170  26.0   5741.850000      4.260000     -1.692461     32.000000
  171  26.0   5752.040000      4.550000     -0.924847     55.200000
  172  26.0   5775.080000      4.220000     -1.132407     59.800000
  173  26.0   5778.460000      4.150000     -2.024798     22.000000
  174  26.0   5793.920000      4.220000     -1.688856     34.000000
  175  26.0   5806.730000      4.610000     -0.943386     54.600000
  176  26.0   5809.220000      3.880000     -1.711758     50.400000
  177  26.0   5811.920000      4.140000     -2.402680     11.400000
  178  26.0   5814.810000      4.280000     -1.883334     23.000000
  179  26.0   5815.220000      4.150000     -2.439853     10.500000
  180  26.0   5827.880000      3.280000     -3.213609     11.700000
  181  26.0   5852.220000      4.550000     -1.248567     40.500000
  182  26.0   5853.150000      1.490000     -5.192077      7.500000
  183  26.0   5855.080000      4.610000     -1.602016     22.300000
  184  26.0   5856.090000      4.290000     -1.610494     33.400000
  185  26.0   5862.360000      4.550000     -0.349904     87.600000
  186  26.0   5902.480000      4.590000     -1.859727     14.200000
  187  26.0   5905.680000      4.650000     -0.844806     58.700000
  188  26.0   5916.260000      2.450000     -2.976832     54.200000
  189  26.0   5927.790000      4.650000     -1.126362     42.900000
  190  26.0   5929.680000      4.550000     -1.270022     39.500000
  191  26.0   5930.190000      4.650000     -0.387585     87.900000
  192  26.0   5934.660000      3.930000     -1.228891     76.400000
  193  26.0   5956.700000      0.860000     -4.577625     53.700000
  194  26.0   5983.690000      4.550000     -0.699566     67.200000
  195  26.0   5984.820000      4.730000     -0.285155     83.000000
  196  26.0   5987.070000      4.790000     -0.453144     70.200000
  197  26.1   5991.380000      3.150000     -3.622299     31.200000
  198  26.0   6005.550000      2.590000     -3.538759     22.400000
  199  26.0   6024.060000      4.550000     -0.172049    110.500000
  200  26.0   6027.060000      4.080000     -1.182867     64.400000
  201  26.0   6034.040000      4.310000     -2.379947      8.800000
  202  26.0   6035.340000      4.290000     -2.538283      6.500000
  203  26.0   6054.080000      4.370000     -2.304034      9.100000
  204  26.0   6056.010000      4.730000     -0.551813     72.600000
  205  26.0   6065.490000      2.610000     -1.705453    117.900000
  206  26.0   6078.490000      4.790000     -0.318239     77.900000
  207  26.0   6079.010000      4.650000     -1.069250     45.800000
  208  26.0   6082.720000      2.220000     -3.627803     34.500000
  209  26.1   6084.110000      3.200000     -3.856964     20.900000
  210  26.0   6089.570000      4.580000     -1.315149     35.300000
  211  26.0   6094.380000      4.650000     -1.629340     19.900000
  212  26.0   6096.670000      3.980000     -1.862417     38.200000
  213  26.0   6098.250000      4.560000     -1.821479     16.500000
  214  26.1   6113.320000      3.220000     -4.183622     11.300000
  215  26.0   6120.250000      0.920000     -5.958690      5.200000
  216  26.0   6127.910000      4.140000     -1.446867     48.900000
  217  26.1   6149.250000      3.890000     -2.798096     36.200000
  218  26.0   6151.620000      2.180000     -3.357242     49.700000
  219  26.0   6157.730000      4.080000     -1.242728     61.500000
  220  26.0   6159.380000      4.610000     -1.945714     11.900000
  221  26.0   6165.360000      4.140000     -1.534992     44.500000
  222  26.0   6173.340000      2.220000     -2.935714     68.000000
  223  26.0   6180.210000      2.730000     -2.683894     55.800000
  224  26.0   6187.990000      3.940000     -1.710635     48.200000
  225  26.0   6200.320000      2.610000     -2.456905     73.000000
  226  26.0   6213.440000      2.220000     -2.653630     82.600000
  227  26.0   6219.290000      2.200000     -2.535076     89.600000
  228  26.0   6220.790000      3.880000     -2.404239     19.000000
  229  26.0   6226.740000      3.880000     -2.146524     29.200000
  230  26.0   6229.240000      2.850000     -2.931146     38.600000
  231  26.0   6232.650000      3.650000     -1.214568     83.300000
  232  26.1   6238.390000      3.890000     -2.608154     44.400000
  233  26.1   6239.940000      3.890000     -3.525976     12.200000
  234  26.0   6240.650000      2.220000     -3.347027     48.300000
  235  26.1   6247.560000      3.890000     -2.434501     52.200000
  236  26.0   6265.140000      2.180000     -2.631229     86.000000
  237  26.0   6270.230000      2.860000     -2.630978     52.800000
  238  26.0   6290.980000      4.730000     -0.556403     67.500000
  239  26.0   6297.800000      2.220000     -2.838995     73.500000
  240  26.0   6303.460000      4.320000     -2.559845      6.000000
  241  26.0   6315.810000      4.080000     -1.684280     40.500000
  242  26.0   6322.690000      2.590000     -2.437540     76.000000
  243  26.0   6335.340000      2.200000     -2.421579     97.200000
  244  26.0   6336.830000      3.690000     -1.056052    107.000000
  245  26.0   6358.680000      0.860000     -3.965750     84.400000
  246  26.1   6369.460000      2.890000     -4.204105     19.100000
  247  26.0   6380.750000      4.190000     -1.334830     52.200000
  248  26.0   6385.720000      4.730000     -1.891094     10.700000
  249  26.0   6392.540000      2.280000     -4.000097     17.800000
  250  26.1   6407.290000      3.890000     -2.957520     29.400000
  251  26.1   6416.930000      3.890000     -2.696870     40.500000
  252  26.0   6430.850000      2.180000     -2.213045    112.100000
  253  26.1   6432.690000      2.890000     -3.652157     41.000000
  254  26.1   6442.970000      5.550000     -2.473362      5.100000
  255  26.1   6456.390000      3.900000     -2.201146     63.000000
  256  26.0   6481.880000      2.280000     -2.989351     64.100000
  257  26.0   6498.940000      0.960000     -4.676000     46.100000
  258  26.1   6516.090000      2.890000     -3.362528     54.200000
  259  26.0   6581.210000      1.490000     -4.760768     19.000000
  260  26.0   6593.880000      2.430000     -2.443319     84.600000
  261  26.0   6608.030000      2.280000     -4.025246     17.400000
  262  26.0   6609.120000      2.560000     -2.684092     65.700000
  263  26.0   6625.020000      1.010000     -5.331560     16.100000
  264  26.0   6627.550000      4.550000     -1.532143     28.200000
  265  26.0   6646.940000      2.610000     -3.970313     10.300000
  266  26.0   6653.860000      4.150000     -2.470235     10.400000
  267  26.0   6699.150000      4.590000     -2.167596      8.200000
  268  26.0   6703.570000      2.760000     -3.075280     36.900000
  269  26.0   6705.110000      4.610000     -1.079115     46.500000
  270  26.0   6710.320000      1.490000     -4.866150     15.900000
  271  26.0   6713.050000      4.610000     -1.562271     24.300000
  272  26.0   6713.200000      4.140000     -2.496151     10.000000
  273  26.0   6713.740000      4.790000     -1.489255     21.200000
  274  26.0   6725.360000      4.100000     -2.250617     17.600000
  275  26.0   6726.670000      4.610000     -1.064702     47.200000
  276  26.0   6732.070000      4.580000     -2.199567      7.700000
  277  26.0   6733.150000      4.640000     -1.492758     26.700000
  278  26.0   6739.520000      1.560000     -4.954846     11.700000
  279  26.0   6745.110000      4.580000     -2.153683      8.600000
  280  26.0   6745.970000      4.080000     -2.713225      7.200000
  281  26.0   6750.160000      2.420000     -2.674452     74.000000
  282  26.0   6752.710000      4.640000     -1.289470     35.800000
  283  26.0   6786.860000      4.190000     -1.958601     25.500000
  284  26.0   6793.260000      4.580000     -1.958144     12.700000
  285  26.0   6806.850000      2.730000     -3.160421     34.700000
  286  26.0   6810.270000      4.610000     -1.059745     50.200000
  287  26.0   6820.370000      4.640000     -1.200739     41.100000
  288  26.0   6828.600000      3.570000     -1.970055     55.500000
  289  26.0   6833.230000      4.640000     -2.036165      9.800000
  290  26.0   6837.010000      4.590000     -1.777117     17.300000
  291  26.0   6839.840000      2.560000     -3.428012     29.900000
  292  26.0   6842.690000      4.640000     -1.236349     39.300000
  293  26.0   6843.660000      4.550000     -0.920323     60.700000
  294  26.0   6855.720000      4.610000     -1.738557     18.600000
  295  26.0   6857.250000      4.080000     -2.128289     22.400000
  296  26.0   6858.150000      4.610000     -1.022864     51.600000
  297  26.0   6861.940000      2.420000     -3.855360     18.900000
  298  26.0   6862.500000      4.560000     -1.495528     29.900000
  299  26.0   6864.320000      4.560000     -2.291871      6.800000
