    1  26.0   4523.400000      3.650000    -1.871     44.200000  
    2  26.0   4537.670000      3.270000    -2.870     17.400000  
    3  26.0   4551.650000      3.940000    -1.928     29.100000  
    4  26.0   4556.930000      3.250000    -2.644     26.300000  
    5  26.0   4566.520000      3.300000    -2.156     46.200000  
    6  26.0   4574.220000      3.210000    -2.353     41.000000  
    7  26.0   4593.530000      3.940000    -1.921     29.500000  
    8  26.0   4596.410000      3.650000    -2.090     34.100000  
    9  26.0   4602.000000      1.610000    -3.163     72.200000  
   10  26.0   4630.120000      2.280000    -2.488     74.300000  
   11  26.0   4631.490000      4.550000    -1.890     11.600000  
   12  26.0   4661.540000      4.560000    -1.186     38.500000  
   13  26.0   4690.140000      3.690000    -1.550     58.800000  
   14  26.0   4802.880000      3.690000    -1.527     60.400000  
   15  26.0   4808.150000      3.250000    -2.630     27.700000  
   16  26.0   4809.940000      3.570000    -2.542     19.400000  
   17  26.0   4811.050000      3.070000    -3.182     14.500000  
   18  26.0   4885.430000      3.880000    -1.136     72.500000  
   19  26.0   4961.920000      3.630000    -2.301     26.700000  
   20  26.0   5127.360000      0.920000    -3.317     99.400000  
   21  26.0   5141.740000      2.420000    -2.125     89.300000  
   22  26.0   5223.190000      3.630000    -2.252     29.400000  
   23  26.0   5228.380000      4.220000    -1.095     60.000000  
   24  26.0   5242.500000      3.630000    -1.124     86.700000  
   25  26.0   5243.780000      4.260000    -1.022     62.200000  
   26  26.0   5247.060000      0.090000    -4.941     66.400000  
   27  26.0   5294.550000      3.640000    -2.627     15.500000  
   28  26.0   5295.320000      4.420000    -1.518     29.300000  
   29  26.0   5376.830000      4.290000    -2.040     14.700000  
   30  26.0   5379.580000      3.690000    -1.552     61.200000  
   31  26.0   5386.340000      4.150000    -1.709     32.100000  
   32  26.0   5389.480000      4.420000    -0.534     84.600000  
   33  26.0   5398.280000      4.450000    -0.684     73.300000  
   34  26.0   5409.140000      4.370000    -1.051     55.700000  
   35  26.0   5432.950000      4.450000    -0.729     70.600000  
   36  26.0   5436.300000      4.390000    -1.319     40.500000  
   37  26.0   5464.280000      4.140000    -1.595     38.200000  
   38  26.0   5466.990000      3.650000    -2.141     34.200000  
   39  26.0   5473.170000      4.190000    -1.986     19.500000  
   40  26.0   5522.450000      4.210000    -1.419     44.000000  
   41  26.0   5543.940000      4.220000    -1.070     62.200000  
   42  26.0   5546.510000      4.370000    -1.124     52.000000  
   43  26.0   5560.220000      4.430000    -1.064     52.400000  
   47  26.0   5584.770000      3.570000    -2.189     35.800000  
   48  26.0   5618.640000      4.210000    -1.298     50.500000  
   49  26.0   5619.600000      4.390000    -1.435     35.000000  
   50  26.0   5633.950000      4.990000    -0.385     66.500000  
   51  26.0   5636.700000      3.640000    -2.511     19.800000  
   52  26.0   5638.270000      4.220000    -0.809     77.600000  
   53  26.0   5649.990000      5.100000    -0.785     36.200000  
   54  26.0   5651.470000      4.470000    -1.763     18.400000  
   55  26.0   5653.870000      4.390000    -1.402     36.700000  
   56  26.0   5679.030000      4.650000    -0.756     59.500000  
   57  26.0   5680.240000      4.190000    -2.330     10.300000  
   58  26.0   5715.090000      4.280000    -0.847     72.500000  
   59  26.0   5720.900000      4.550000    -1.805     14.900000  
   60  26.0   5738.240000      4.220000    -2.164     13.600000  
   61  26.0   5775.080000      4.220000    -1.124     59.800000  
   62  26.0   5793.920000      4.220000    -1.622     34.000000  
   63  26.0   5811.920000      4.140000    -2.333     11.400000  
   64  26.0   5814.810000      4.280000    -1.820     23.000000  
   65  26.0   5815.220000      4.150000    -2.364     10.500000  
   66  26.0   5853.150000      1.490000    -5.130      7.500000  
   67  26.0   5855.080000      4.610000    -1.531     22.300000  
   68  26.0   5862.360000      4.550000    -0.404     87.600000  
   69  26.0   5902.480000      4.590000    -1.797     14.200000  
   70  26.0   5905.680000      4.650000    -0.775     58.700000  
   71  26.0   5927.790000      4.650000    -1.057     42.900000  
   72  26.0   5929.680000      4.550000    -1.211     39.500000  
   73  26.0   5930.190000      4.650000    -0.326     87.900000  
   74  26.0   5934.660000      3.930000    -1.091     76.400000  
   76  26.0   5956.700000      0.860000    -4.526     53.700000  
   77  26.0   5983.690000      4.550000    -0.719     67.200000  
   78  26.0   5987.070000      4.790000    -0.478     70.200000  
   79  26.0   6005.550000      2.590000    -3.479     22.400000  
   80  26.0   6024.060000      4.550000    -0.124    110.500000  
   81  26.0   6056.010000      4.730000    -0.489     72.600000  
   82  26.0   6078.490000      4.790000    -0.364     77.900000  
   83  26.0   6079.010000      4.650000    -1.008     45.800000  
   84  26.0   6089.570000      4.580000    -1.273     35.300000  
   85  26.0   6094.380000      4.650000    -1.566     19.900000  
   86  26.0   6096.670000      3.980000    -1.776     38.200000  
   87  26.0   6120.250000      0.920000    -5.894      5.200000  
   88  26.0   6127.910000      4.140000    -1.417     48.900000  
   89  26.0   6151.620000      2.180000    -3.298     49.700000  
   90  26.0   6157.730000      4.080000    -1.238     61.500000  
   91  26.0   6159.380000      4.610000    -1.878     11.900000  
   92  26.0   6173.340000      2.220000    -2.877     68.000000  
   93  26.0   6200.320000      2.610000    -2.397     73.000000  
   94  26.0   6219.290000      2.200000    -2.463     89.600000  
   95  26.0   6226.740000      3.880000    -2.069     29.200000  
   96  26.0   6232.650000      3.650000    -1.240     83.300000  
   97  26.0   6240.650000      2.220000    -3.292     48.300000  
   98  26.0   6270.230000      2.860000    -2.573     52.800000  
   99  26.0   6315.810000      4.080000    -1.645     40.500000  
  100  26.0   6322.690000      2.590000    -2.368     76.000000  
  101  26.0   6335.340000      2.200000    -2.339     97.200000  
  102  26.0   6358.680000      0.860000    -3.907     84.400000  
  103  26.0   6392.540000      2.280000    -3.942     17.800000  
  104  26.0   6481.880000      2.280000    -2.929     64.100000  
  105  26.0   6593.880000      2.430000    -2.384     84.600000  
  106  26.0   6609.120000      2.560000    -2.632     65.700000  
  107  26.0   6627.550000      4.550000    -1.475     28.200000  
  108  26.0   6646.940000      2.610000    -3.915     10.300000  
  109  26.0   6699.150000      4.590000    -2.106      8.200000  
  110  26.0   6705.110000      4.610000    -1.057     46.500000  
  111  26.0   6710.320000      1.490000    -4.810     15.900000  
  112  26.0   6713.740000      4.790000    -1.425     21.200000  
  113  26.0   6725.360000      4.100000    -2.187     17.600000  
  114  26.0   6726.670000      4.610000    -1.045     47.200000  
  115  26.0   6732.070000      4.580000    -2.144      7.700000  
  116  26.0   6739.520000      1.560000    -4.902     11.700000  
  117  26.0   6745.970000      4.080000    -2.657      7.200000  
  118  26.0   6839.840000      2.560000    -3.377     29.900000  
  119  26.0   6842.690000      4.640000    -1.169     39.300000  
  120  26.0   6855.720000      4.610000    -1.674     18.600000  
  121  26.0   6857.250000      4.080000    -2.075     22.400000  
  122  26.0   6858.150000      4.610000    -0.972     51.600000  
  123  26.0   6861.940000      2.420000    -3.795     18.900000  
  124  26.0   6864.320000      4.560000    -2.229      6.800000  
  125  26.1   4508.280000      2.860000    -2.403     87.300000  
  127  26.1   4520.220000      2.810000    -2.563     81.900000  
  128  26.1   4576.340000      2.840000    -2.947     64.900000  
  129  26.1   4656.980000      2.890000    -3.676     33.800000  
  130  26.1   4731.470000      2.890000    -2.515     82.100000  
  131  26.1   4923.930000      2.890000    -1.541    154.300000  
  132  26.1   5197.570000      3.230000    -2.293     80.100000  
  133  26.1   5234.630000      3.220000    -2.235     83.500000  
  134  26.1   5264.810000      3.230000    -3.091     45.600000  
  136  26.1   5337.750000      3.230000    -3.338     35.500000  
  137  26.1   5414.070000      3.220000    -3.568     26.900000  
  138  26.1   5991.380000      3.150000    -3.539     31.200000  
  139  26.1   6149.250000      3.890000    -2.719     36.200000  
  140  26.1   6247.560000      3.890000    -2.347     52.200000  
  141  26.1   6442.970000      5.550000    -2.399      5.100000  
  142  26.1   6456.390000      3.900000    -2.110     63.000000  
  144  26.1   6516.090000      2.890000    -3.279     54.200000  
